7290377506568375560
7290374837023853842
7289637190269766920
7289605376629132552
7289001447843237127
7288877704688962823
7288854609790061842
7288708571926252808
7287816108596333831
7287071864587848978
7286756301961547016
7286425548354604296
7286329544221396242
7285910869953891591
7285684444843822354
7285000771463040274
7284907277126094087
7284898919836945671
7284863406614564114
7284541458697194759
7284478426658999560
7284424350793469202
7284169835964075271
7284151296309906706
7281915580645395719
7281849953301859602
7281479585349291272
7280467841898335496
7280453827088747794
7280445297195568392
7278493868109221128
7276374070969519367
7276290750239853831
7275258801538764039
7273691254032977159
7272650535482838290
7272578693623516424
7271488741980556549
7271236311258762502
7270305648179547397
7269942453938015494
7269690890409594117
7268190963837701381
7268187700476398853
7267464376519544066
7265982546838703362
7265511146231254273
7265508563991203074
7264466195875761410
7262640347799424258
7262266546280500481
7261897096213564673
7261052583454706946
7260698162422091010
7260005613407669506
7259683782330961153
7259172425751940357
7258191425613925637
7257842463413439750
7257074263486811398
7256236579696512261
7256233156213345541
7254475708519435525
7254093785905253637
7253274865447341318
7253270328355458310
7253268729226644741
7251510310014684421
7251480644268641542
7251478103040544006
7251394098844781829
7251112100397944069
7249933136056831238
7290745917026651410
7249635363319205125
7249577578283928837
7248823899004226821
7248822005586283782
7248522958275218693
7248520415587339525
7247750256299953413
7291219506045652232
7291869596661992722
7291705398137064712
7293364967716195591
7294189067225402642
7294934291518115079
7296407479766879495
7296276077658311944
7296786592994299143
7296777072071019794
7297149899118873874
7297418213384621320
7281902551337929991
7298880447969381639