7291197129442282759
7291197125436787986
7291197128234274066
7291197127697452295
7291197125461921042
7290818351062994183
7290818359170436359
7290818357157252370
7290818353105521938
7290818357148847378
7290442640141634817
7290442631723633921
7290442637935463682
7290442643752881410
7290442638547832065
7290150121101135105
7290150121495416065
7290095733091454209
7290095742499179778
7290095741643525378
7289346882986495233
7289346880784387329
7289346879198940418
7289346884282469634
7289346883326086401
7289344642351500546
7289344637821619457
7289344645945937154
7289344638203317506
7289344637213347074
7288977017544903938
7288977016773168386
7288977020740963585
7288977016123100417
7288927438069878018
7288916725318356225
7288574592455675138
7288574594007452929
7288574584587111682
7288574590316530946
7288574583513419009
7288225938872028418
7288225942898478337
7288225939585060098
7288225934736461058
7288225939882790146
7287668302321700098
7287668299352083713
7287668303491828993
7287668309388954881
7287668296810368257
7287271400606289153
7287271394956610817
7287271401738833153
7287271396214934786
7287271392574278914
7287155273242807553
7287155262488726786
7287155270021713153
7287155265361775874
7287155268637461762
7286750250293923073
7286750250293939457
7286750250751102209
7286750252613258498
7286402857471986946
7286402857438285058
7286402857471970562
7286402853046979841
7286400612877618434
7285997202164452609
7285997207654763778
7285997202017684738
7285997205650017538
7285997207008840962
7285647408871017730
7285647404475403522
7285647398917999873
7285647404848762113
7285647402571205889
7285277610425322754
7285277608160365826
7285277605962468609
7285277617278700802
7285277618847386881
7284684002336804098
7284684013434866946
7284684023232728321
7284684004345810177
7284684012122115329
7284190471935560962
7284190474716335361
7284190473621687554
7284190470119591169
7284190472011058433
7284133709966576897
7284133706263006465
7284133706271329537
7284133706371960066
7284133699828976898
7283769506592263426
7283769509846977794
7283769507934506242
7283769506143456514