7296746113493634306
7296746103159000321
7296720134457068801
7296719893964016897
7296685441401621761
7296685262195756290
7296685028149316865
7296683979371990274
7296431895796108546
7296431646549527809
7296431438457523457
7296430925007604993
7296430691133279489
7296430529195412737
7296430327403203841
7296430166782299393
7296429966634339586
7296363688871595266
7296363464669334786
7296280268422352130
7296280053447544066
7296279878100454657
7296279582662135042
7296279311877672193
7296279163210566914
7296277900704091393
7296130841585945857
7296132843590257922
7296130492905098497
7296059028193512706
7296058843602128130
7296057964622859521
7296025866738486529
7296025306912001281
7296025080348429569
7296005151024893186
7296002066487594242
7295909497694932225
7295908978423237889
7295908805265739009
7295908415140908289
7295907994758417665
7295895975619464450
7295688871394725121
7295688598773370114
7295687901805874434
7295687743177280770
7295687568476097793
7295632038986648833
7295631783679347969
7295631577072012545
7295631390366862593
7295632971007036673
7295625982675881218
7295535351433645314
7295535061196147969
7295534747390971138
7295534581657226498
7295534388769524994
7295520798872243457
7295385245304573185
7295364778317384962
7295248690145545474
7295244717954993409
7295243036412382465
7295237805259656450
7295235350631369986
7295232586853453057
7295205687804693761
7295203300046032129
7295202404075638018
7295193025838320898
7295182893461146882
7294966739119525121
7294948373247970561
7294947609913871617
7294947300093234434
7294935767774694658
7294890435862924545
7294864981550550273
7294839356047576322
7294817650515954945
7293091598852771074
7293022374306286849
7292937438345841921
7292936689511648514
7292934386025008386
7292930050146503938
7292618081275219202
7292617619947949314
7292617039217167618
7292614045792734466
7292613768058522881
7292613395566693633
7292613102321929473
7292606002011114753
7292585344417959170
7292579100735065346
7292311954763418898
7292311751192857864
7292311507768020232
7292311299587869960
7292311170034240775
7292310923321036050
7292310754466827527
7296837128246283521
7296746566973508865
7296844971091479810
7296843639114829058
7278083962931612946
7167016585566096641
7159805394485775618
7297096953509285122
7297104819825675521
7297171133554625793
7297183571419221250
7297184656615640321
7297387076293528833
7297401373065301250
7297429793983843585
7297430000804891906
7297430196049792258
7297432651152051457
7297489277020032258
7297489634810957057
7297490002374577410
7297490538075262209
7297492282817760513
7297833358179060994
7298127544925097217
7298166653504736513
7298179713745407233
7298187219657968897
7298186882129693953
7298859545202380033
7298858988421074177
7298858746757827841
7298858621138406658
7298858136696491266
7298858427055410434
7298705362901945601
7298637283626962177
7298537309757115650
7298334029684690178
7299027686427544833
7299027490427636994
7299027203377941762
7299026965871217921
7299018743378627841
7299000157364899074
7298859978042002690
7298859773238316290