7247748117968243974
7247499051707501829
7247748117968243974
7247499051707501829
7247748117968243974
7247499051707501829
7247748117968243974
7247499051707501829
7247748117968243974
7247499051707501829
7247748117968243974
7247499051707501829
7247748117968243974
7247499051707501829
7247748117968243974
7247499051707501829
7247748117968243974
7247499051707501829
7247748117968243974
7247499051707501829
7247748117968243974
7247499051707501829
7247748117968243974
7247499051707501829
7247748117968243974
7247499051707501829
7247748117968243974
7247499051707501829
7247748117968243974
7247499051707501829
7247748117968243974
7247499051707501829
7247748117968243974
7247499051707501829
7247748117968243974
7247499051707501829
7247748117968243974
7247499051707501829
7247748117968243974
7247499051707501829
7247748117968243974
7247499051707501829