7287763844951231762
7286676781967428882
7285690302646471944
7285510626997275911
7285145684142066952
7284566242235600146
7281882758408981778
7281610483948473608
7281243328031640850
7281145343251696914
7280811109748182290
7279589839719156999
7279401698433568018
7278633401408687367
7277869178898418952
7277464292994141448
7277400196215082247
7276965177961008392
7276019694648184072
7276012951440510226
7275973145394220306
7275957427596528903
7275907221932739848
7275904958145285383
7275873009099951378
7275869034166439186
7275860868020145416
7275683415792438536
7275632322433666312
7275618086697307410
7275610460194393352
7275573767605193992
7275519200729386258
7275286307293646087
7274551324341980424
7274214885528063250
7273635721053850898
7273308138470673672
7273291382817688839
7271997547193830662
7271606335286889733
7270448122914966789
7269681757706816773
7269591907523710214
7269573660103462150
7269346113004506373
7269202143918165253
7267874283492297990
7267518679926050054
7265571648932252930
7264020360071351553
7263362669657328897
7262620731421330689
7261516063026711809
7260844123593149697
7260647388702985474
7260325481847835905
7260273076837829889
7260080236816059650
7258447594089762049
7256974467593800962
7256557724111080705
7256414847494032641
7256378653217524994
7255949789232123138
7255460664959831301
7255290172990835974
7254884379963559173
7254452197130390789
7254322185643543813
7253775674433916165
7253374882916896006
7252868350282337541
7252621799240961285
7252593118200089862
7252176852452642054
7251467657516485894
7251174650938445061
7250401126367956230
7249177549417368837
7248978962754342149
7248890678703344902
7248486640799223045
7248088923853901062
7247658474455469318
7247483401593277702
7247403511388884229
7246966776460758278
7238893717548027142
7238835160366583046
7238557051863993605
7236999882903506181
7236554702224133381
7235914491576388870
7235897530859425030
7300001630714334466
7299804873489501442
7299779543626239233
7299628186990693633
7299421636472753410
7300001630714334466
7299804873489501442
7299779543626239233
7300001630714334466
7299804873489501442
7299779543626239233
7300001630714334466
7299804873489501442
7299779543626239233
7300001630714334466
7299804873489501442
7299779543626239233
7300001630714334466
7299804873489501442
7299779543626239233
7300001630714334466
7299804873489501442
7299779543626239233
7300001630714334466
7299804873489501442
7299779543626239233
7300001630714334466
7299804873489501442
7299779543626239233
7300001630714334466
7299804873489501442
7299779543626239233
7300001630714334466
7299804873489501442
7299779543626239233
7300001630714334466
7299804873489501442
7299779543626239233
7300001630714334466
7299804873489501442
7299779543626239233
7300001630714334466
7299804873489501442
7299779543626239233
7300001630714334466
7299804873489501442
7299779543626239233
7300001630714334466
7299804873489501442
7299779543626239233
7300001630714334466
7299804873489501442
7299779543626239233
7300001630714334466
7299804873489501442
7299779543626239233
7300001630714334466
7299804873489501442
7299779543626239233
7300001630714334466
7299804873489501442
7299779543626239233
7300001630714334466
7299804873489501442
7299779543626239233
7300001630714334466
7299804873489501442
7299779543626239233