7301507746476592385
7301473872270920961
7301288124783561986
7301218294294514945
7301171272363314440
7301167149790416129
7301139173640097042
7300963222285307138
7300904371221581058
7300871529020099842
7300774174736551169
7300606167498132754
7300440069930847495
7300405311590993153
7300173992520879367
7300150018202291458
7299987640802086146
7299769778506370306
7299780295480315144
7299730904056941825
7299678099606686977
7299658445182045448
7299608866457652481
7299384333113019649
7299374312878902529
7299285636157017345
7299241406307028225
7299137140003327234
7299031298901888257
7299019173886233858
7299002816704679176
7298873451656400130
7298750626211646721
7298654078765255938
7298638105358208258
7294980664154230023
7269023330022329605
7301629863067258113
7301912017240132865
7302215999439310081
7301983498758409479
7301967512860708097
7298605079836331265
7298570825773452562
7298549750725364993
7298356463737539842
7107452607068769538
7304471758147538178
7304192249976392961
7304185979219299602
7304110142474177794
7303911395475672321
7303810119588990209
7303723369877245192
7303709469597388040
7303692666267634946
7303462212620848386
7303383304781171976
7303173404394278146
7303103498609118466
7302725249378831624
7302710630409145601
7302620503968124162
7302435911118245121
7302348284188708097
7298356121704697090
7298281683936185608
7298214094996262152
7298191486342974722
7298011058734681345
7297894940858797319
7297757827974614273
7297477265636527361
7297418955457711361
7297417968797879554
7297110707915492610
7297074253860539650
7297064615949651202
7296916160182848770
7296813597836037394
7296822233379441921
7296781399724510471
7296732750877347090
7296706749124349185
7296533208181542145
7296449528780082433
7296414375399689474
7296389629303983361
7296322523522731282
7296313813287177473
7296041145736498450
7296078706202791175
7295954594746633490
7295936324442361095
7295775344890596610
7295772713107344641
7295590951563578625
7295693423602863361
7295649034289663234
7295615048808942850
7295391419752058114
7295308848074607880
7295305651801083138
7307245879402958088
7308997419528752386
7308893775605042433
7308715436701437202
7308668393635204359
7308565275656375553
7308297991406898434
7308173637914266881
7307928420938288385
7307860372558466306
7307809164821105921
7307642570341993736
7307574602283207944
7307542772427410689
7307467904092556545
7307448721820716289
7307080752334736641
7306884802634943762
7306815423138352392
7306811707207240961
7306720850273651969
7306711347524373767
7306668046997785858
7306525482747464962
7306408612144975106
7306411319748529426
7306403713868942593
7306362662454119681
7306344881214065928
7306183897493081345
7306141153336904978
7306132764330446081
7306029894205459713
7305771295235689729
7305694340444163329
7305641983651925249
7305576073230552328
7305241669195091202
7305266366951591170
7305218447045070088
7304963344107228417
7304987042692320530
7304954732991515906
7304919252144901377
7304878669225364738
7304839309759204616
7304631683985329415
7304588180228001026
7304562655031872769
7309052637310242066
7305782530802732290
7309299303204359425
7309372684725423362
7309430992521956626
7309469948575763720
7309489962024504584
7305975210153381138
7309489962024504584
7309772860992589057
7309827996779662610
7309800862073834754
7309794389063257346
7309783888237202696
7309762551850487041
7309678301579054354
7246691256250682626
7310044963025276178
7310083105610599688
7310145711176273153
7310226399539875073
7310236463445183752
7310410569893416199
7310515636734528769
7310574592391728386
7310946249052605714
7311237567507172609
7311243065841290497
7311272348785691906
7311522165277330689
7242670388390513926
7246691256250682626
7246691256250682626
7242670388390513926
7242670388390513926
7246691256250682626
7246691256250682626
7242670388390513926
7311889423342275842
7312009135006944513
7311656249878203649
7311586986240806151
7313909818694110472
7314856136484654343
7314626372327050498
7314616048236514561
7314539083605314817
7314245382324751618
7314121768090848514
7313846855320816914
7313846504165313793
7313823495924747522
7313564117011401991
7313064546019724551
7312978226232511745
7312788215591669000
7312772587354901778
7312632033228967186
7312417849618844930
7312377092199419144
7312376458763095314
73122798203716108817320167326723099906
7319887479354543361
7319812646356651266
7319788555922902279
7319716455572835586
7320244951386688769
7320167326723099906
7319516165049437458
7319467729893788935
7318928756515589384
7318577029161504008
7318164903578078466
7318312605905390849
7318165374602693889
7318165686872722690
7317918676311641345
7317837030875008258
7317509012788940033
7317498615818210562
7317270821754391810
7317182832227388674
7317131473658694914
7317116002309819650
7317099152117140737
7316825917752462594
7316799933988850945
7316470843813399809
7316483251651022088
7316435612347813138
7316352736981765377
7316313996724882690
7316119784305757448
7315654517788347650
7315358268526693634
7315337932158684417
7315283594941893889
7314986018204224770
7312279820371610881
7321523000199712002
