7288667082592472327
7287753661755837703
7287525186742570248
7286673932726390023
7286354496706366738
7286271783248907538
7285625325386534151
7285270014238674184
7281930589182135559
7281842030433651975
7279615262146448648
7279413899408215304
7275999439293140232
7275863816317996295
7275301691749125384
7274941600302746888
7274788042248932616
7274229902403013895
7273764031213735186
7272615486196665607
7272576406020787463
7272158723823406342
7271984549586947334
7269953044836601094
7268445867223551238
7264036588370365698
7261183787248225537
7251175372442635526
7247092193528237318
7246700119108652294
7246615094648507654
7246161239812885766
7245989439569251589
7245825550198115590
7245806490001394950
7245533086090480901
7245450277459856645
7245281688845110533
7245210649440029958
7245153676300438790
7245086327337684229
7245058438823251206
7244869181018098950
7244809450475801862
7244785289175026950
7244711300549364997
7244697282103315718
7244444071299779845
7244410352404925702
7244312145645604101
7244163297451216133
7244099123996019973
7244047648414584069
7243985746237918469
7243961728684363014
7243942640310422789
7243767463152733446
7243747978521890053
7243570852892019974
7243383413552532742
7243331371677093126
7243248187958414597
7243206587702152453
7243016169320353029
7242894249740553478
7242855479318154502
7242641909204765958
7242264390731451653
7242087413131136261
7241715928105307397
7241389322098756870
7241026849931873541
7240972181356727557
7240324725858110746
7240235484063059227
7239998634748579078
7239934865192275205
7304851604186909954
7300009631789714689
7299701601369869569
7299635464590462210
7299403397994695938
7305982632527924481
7306124733907471617
7307532185937005825
7307464957736668417
7307435484198866177
7307109376135826690
7306832691456986370
7307532185937005825
7307464957736668417
7307435484198866177
7307532185937005825
7307464957736668417
7307435484198866177
7307532185937005825
7307464957736668417
7307435484198866177
7307532185937005825
7307464957736668417
7307435484198866177
7307532185937005825
7307464957736668417
7307435484198866177
7307934727997115649
7307924151761767682
7307532185937005825
7307934727997115649
7307924151761767682
7307532185937005825
7307934727997115649
7307924151761767682
7307532185937005825
7307934727997115649
7307924151761767682
7307532185937005825
7308181028449946882
7307934727997115649
7307924151761767682
7308181028449946882
7307934727997115649
7307924151761767682
7308181028449946882
7307934727997115649
7307924151761767682
7308181028449946882
7307934727997115649
7307924151761767682
7308181028449946882
7307934727997115649
7307924151761767682
7308181028449946882
7307934727997115649
7307924151761767682
7308181028449946882
7307934727997115649
7307924151761767682
7308181028449946882
7307934727997115649
7307924151761767682
7308181028449946882
7307934727997115649
7307924151761767682
7308181028449946882
7307934727997115649
7307924151761767682