7297085906857594143
7297056798878485790
7296859862393212191
7296770343086099743
7296077100455447839
7295941272424959262
7295928513041861931
7295674940861287711
7295189660194639147
7294924873460223275
7294842217544420639
7294249114223627562
7294177907310644522
7294111169927793963
7294069294009224494
7293794652912717086
7293777046084373802
7293737048022830367
7293687668578274603
7293538932921306398
7293372102550261038
7293353736334986542
7293100241039920426
7293058595913010475
7292947991382560042
7292710906440469802
7292661584487533870
7292589842104405290
7291811944204356906
7291675804424047915
7291609086809034030
7291517245409414446
7291104879546797355
7290719812727098667
7290547335539494174
7290489119396908318
7290024550258035998
7289717474684161310
7289667930743393582
7289653497568578859
7289453636961176875
7289402391294790942
7289369242951109934
7289328857193139502
7289268201148386602
7289250779028933930
7288871845590338858
7288615333999562015
7288538853906910495
7288488340318358827
7288286770196712746
7288255546875022623
7288178327993486634
7288159896149773598
7287917225028242718
7287825162798566702
7287795566589807918
7287764346564840750
7287756306910399790
7287522508385881387
7287503741320744235
7287163530384706862
7287141409570901294
7287046149591076138
7287027524784213291
7286991885636308267
7286850572685200682
7286779713782140203
7286732168242466090
7286454361620860203
7286435978057616682
7286366639216577838
7286293680187624746
7285991789985582379
7285902586278939950
7285656679096700206
7285602711230319915
7285521536306466094
7285236034953137451
7285194994284105006
7285175843683454251
7285141906332388651
7284863950058032426
7284774604357291306
7284525391388249390
7284485528425139502
7284474876319206702
7284422598090542382
7284221944604511534
7284172267112844590
7284087958959983918
7283748880410512686
7283718596688137515
7283671044001516843
7283407222057487646
7283393477759569182
7283384779326737695
7283352170576104735
7283111000767778079
7282968364224367903
7282935553056623902
7282757628747468063
7282701001096776990
7297543190524005662
7297426067696946462
7297784169403419950
7297805052717124895
7297863250425728299
7298544392724335902
7298358083707751711
7299280525791972639