7112812740586130690
7112812740586130690
7249743294610132229
7191160796263632155
7114890324769541377
7113404602896239873
7112812740586130690
7191160796263632155
7283128792636345601
7277164189238447362
7194307884128242971
7277521144939334913
7279415814753635585
7008166689145654529
7195427541962771738
7008166689145654529
7195427541962771738
7283128792636345601
7277521144939334913
7112812740586130690
7281895511479602434
7292084989372419330
7112812740586130690
7191160796263632155
7292084989372419330
7296522012699249921
7194307884128242971
7100464684230413595
7311636143441726721
7292084989372419330
7311711557363305730
7311711557363305730
7311711557363305730
7112812740586130690