7291132535764012290
7290812609517964546
7290382679114108162
7289998084350676226
7289660897138773250
7289345082564594945
7289263207317900546
7288885546653404418
7288580903465454850
7288225760752454913
7288129626201787650
7287811107996110082
7287750923944725761
7294894339539389697
7294823446243003650
7294506689535970562
7293815928620436738
7292283395910978818
7295579711902616833
7295284950704622849
7295963328516459777
7296316588985388293
7296758328850484481
7289660897138773250
7289998084350676226
7287750923944725761
7289660897138773250
7289998084350676226
7287750923944725761
7289660897138773250
7289998084350676226
7287750923944725761
7289660897138773250
7289998084350676226
7287750923944725761
7289660897138773250
7289998084350676226
7287750923944725761
7289660897138773250
7289998084350676226
7287750923944725761
7289660897138773250
7289998084350676226
7287750923944725761
7289660897138773250
7289998084350676226
7287750923944725761
7289660897138773250
7289998084350676226
7287750923944725761
7289660897138773250
7289998084350676226
7287750923944725761
7289660897138773250
7289998084350676226
7287750923944725761
7289660897138773250
7289998084350676226
7287750923944725761
7289660897138773250
7289998084350676226
7287750923944725761
7289660897138773250
7289998084350676226
7287750923944725761
7289660897138773250
7289998084350676226
7287750923944725761
7289660897138773250
7289998084350676226
7287750923944725761
7289660897138773250
7289998084350676226
7287750923944725761
7289660897138773250
7289998084350676226
7287750923944725761
7289660897138773250
7289998084350676226
7287750923944725761
7289660897138773250
7289998084350676226
7287750923944725761
7309730740512558337
7313464907289120001
7313456991576345857