7288863242397469959
7288661472597544210
7288570080827329799
7288478000817966343
7288117606505106696
7287918986036022536
7287869813173619975
7287837105819028754
7285926642088725767
7284894676086312210
7284426128868003080
7283829048827038984
7283773729644006664
7283667502322732295
7283353752101326098
7283026307229699336
7281516572412448007
7281248830157245704
7281175466235432210
7281173251986836743
7288863242397469959
7288661472597544210
7288570080827329799
7288863242397469959
7288661472597544210
7288570080827329799
7288863242397469959
7288661472597544210
7288570080827329799
7288863242397469959
7288661472597544210
7288570080827329799
7288863242397469959
7288661472597544210
7288570080827329799
7288863242397469959
7288661472597544210
7288570080827329799
7288863242397469959
7288661472597544210
7288570080827329799
7288863242397469959
7288863242397469959
7288661472597544210
7288570080827329799
7288863242397469959
7288661472597544210
7288570080827329799
7288863242397469959
7288661472597544210
7288570080827329799
7288863242397469959
7288661472597544210
7288570080827329799
7288863242397469959
7288661472597544210
7288570080827329799
7288863242397469959
7288661472597544210
7288570080827329799
7288863242397469959
7288661472597544210
7288570080827329799
7288863242397469959
7288661472597544210
7288570080827329799
7288863242397469959
7288661472597544210
7288570080827329799
7288863242397469959
7288661472597544210
7288570080827329799
7288863242397469959
7288661472597544210
7288570080827329799
7288863242397469959
7288661472597544210
7288570080827329799
7288863242397469959
7288661472597544210
7288570080827329799
7281173251986836743
7281173251986836743