7224064756112510214
7223992293978606853
7223706595421654277
7223658053952982278
7223265386769255686
7223246488653024518
7223755758272384262
7223697551537753349
7223283420653210885
7224064756112510214
7223992293978606853
7223755758272384262
7224064756112510214
7223992293978606853
7223755758272384262
7224064756112510214
7223992293978606853
7223755758272384262
7224064756112510214
7223992293978606853
7223755758272384262
7224064756112510214
7223992293978606853
7223755758272384262
7224064756112510214
7223992293978606853
7223755758272384262
7224064756112510214
7223992293978606853
7223755758272384262
7224064756112510214
7223992293978606853
7223755758272384262
7224064756112510214
7223992293978606853
7223755758272384262
7224064756112510214
7223992293978606853
7223755758272384262
7224064756112510214
7223992293978606853
7223755758272384262
7224064756112510214
7223992293978606853
7223755758272384262
7224064756112510214
7223992293978606853
7223755758272384262
7224064756112510214
7223992293978606853
7223755758272384262
7224064756112510214
7223992293978606853
7223755758272384262
7224064756112510214
7223992293978606853
7223755758272384262
7224064756112510214
7223992293978606853
7223755758272384262
7224064756112510214
7223992293978606853
7223755758272384262
7224064756112510214
7223992293978606853
7223755758272384262
7224064756112510214
7223992293978606853
7223755758272384262
7224064756112510214
7223992293978606853
7223755758272384262