7214792047021083931
7214708715545513242
7214704920258235675
7214481562249792795
7214471847566380314
7214466121938898203
7214443999271062810
7214440621883264282
7214424599398731034
7214384186235309339
7214382448291941659
7212232424678493466
7212229931567205658
7212222915696282907
7212186335539498267
7212156774407769370
7212150646798060826
7212100890025561371
7207280903809273115
7207274379674225947
7206912535147056410
7206885938281057562
7206661082914557210
7206660355102166299
7206598582642806042
7206282609226288410
7206165588794674458
7205792425984494874
7205422848607849755
7205414701482691866
7204810473772993819
7204688931768618266
7204682805261962523
7204306985842396442
7202551462419795226
7202551246450887962
7202550705310289178
7200946627589180698
7200729019405307163
7200218294014561563
7199856889134451995
7199851716945202459
7199851328208702747
7199582569002732801
7199562054217239809
7199560779849354498
7199179149443992858
7199177184626478362
7198486004427279642
7198484041518173467
7198085562127912218
7198084972375264539
7197987215576730907
7197729600196168986
7197722418272570651
7197720179420269851
7197701633424280858
7197701187183938843
7197699867760741659
7197634993047227675
7197373022574038299
7197368995073248539
7197367929095081243
7197365941720632603
7197273734489574682
7197272586827435291
7196946683236748570
7196946043592772890
7196945820820704539
7196572061311962394
7196274700102782235
7195859031984983322
7195852613319953691
7195850582882553115
7195837194433613083
7195834484820938010
7195829171728289050
7195827479569829146
7195825142814051610
7195821140286115098
7195517000192445722
7195516175059520794
7195478875638451483
7195397264121040154
7195380950203714843
7195375449650842907
7195366440327941403
7195092610778762522
7195027944245366042
7195024262078467354
7195838024922516763
7214792047021083931
7214708715545513242
7214704920258235675
7214792047021083931
7214708715545513242
7214704920258235675
7214792047021083931
7214708715545513242
7214704920258235675
7214792047021083931
7214708715545513242
7214704920258235675
7214792047021083931
7214708715545513242
7214704920258235675
7214792047021083931
7214708715545513242
7214704920258235675
7214792047021083931
7214708715545513242
7214704920258235675
7214792047021083931
7214708715545513242
7214704920258235675
7214792047021083931
7214708715545513242
7214704920258235675
7214792047021083931
7214708715545513242
7214704920258235675
7214792047021083931
7214708715545513242
7214704920258235675
7214792047021083931
7214708715545513242
7214704920258235675
7214792047021083931
7214708715545513242
7214704920258235675
7214792047021083931
7214708715545513242
7214704920258235675
7214792047021083931
7214708715545513242
7214704920258235675
7214792047021083931
7214708715545513242
7214704920258235675
7214792047021083931
7214708715545513242
7214704920258235675
7214792047021083931
7214708715545513242
7214704920258235675
7214792047021083931
7214708715545513242
7214704920258235675
7214792047021083931
7214708715545513242
7214704920258235675
7214792047021083931
7214708715545513242
7214704920258235675
7214792047021083931
7214708715545513242
7214704920258235675
7214481562249792795
7214471847566380314
7214792047021083931
7214708715545513242
7214704920258235675
7214481562249792795
7214471847566380314
7214466121938898203
7214443999271062810
7214440621883264282
7214424599398731034
7214384186235309339
7214382448291941659
7212232424678493466
7212229931567205658
7212222915696282907
7212186335539498267
7212156774407769370
7212150646798060826
7212100890025561371
7207280903809273115
7207274379674225947
7206912535147056410
7206885938281057562
7206661082914557210
7206660355102166299
7206598582642806042
7206282609226288410
7206165588794674458
7205792425984494874
7205422848607849755
7205414701482691866
7204810473772993819
7204688931768618266
7204682805261962523
7204306985842396442
7202551462419795226
7202551246450887962
7202550705310289178
7200946627589180698