7279455418219318561
7279458393000037665
7279412568261659936
7296690705731292449
7296679903389322529
7296668238438518049
7296497372052442400
7300790595574959393
7304670901159709984
7304653552926969121
7304653558463401248
7304650840789339424
7304474911425219873
7304473117257256224
7304285024273190176
7304276624508325152
7304271782247173409
7304098810895158561
7304097168976022817
7304096027701792033
7303914345799503136
7303911501734202656
7303908175772683552
7303894934556282144
7303731607536520480
7303729403505298720
7303725736832142624
7303558869760970016
7303551105307315488
7303529395489115424
7303525089272679712
7303354874089983264
7303353723533659425
7303353052436663585
7303162714082381089
7303154147656863008
7302988197372513569
7302986719123557665
7302985340564884769
7302806782445980960
7302635396532292897
7302619008535203105
7302618023842549024
7302439978838002976
7302424011860970784
7302421706285632800
7302417953906052384
7302244843596582176
7302243278546849056
7302242770557750560
7302070557049244961
7302051667581635873
7302047847086640417
7301880111698021664
7301875312403500320
7301873996075666721
7301700049791110432
7301695067691945248
7301689064221052192
7301686644632030497
7301673503806295328
7301515019022273825
7301513130058714401
7301345555643452705
7301331644558888225
7301153038394281249
7300928389978869024
7300807522355580192
7300784757879721249
7300784208430091552
7300574114782203169
7300562014634659105
7300558230021836064
7300406690892107041
7300212819901844768
7300199247423573281
7300016426822143264
7300013251931245856
7299853223349849376
7299832846984809760
7299822695724682528
7299820991327341857
7299659185984228640
7299658021720919328
7299639590846024993
7299467829382761761
7299465199327677729
7299453323466378528
7299285806789709089
7299272776349781280
7299270284748557600
7299106069693926688
7299094941861514529
7299085002933882145
7299079749161307424
7298913876312083745
7298898076612201761
7298895858140056864
7298723276883381536
7298714565980785952
7298712345423908128
7298546414605421857
7298538518324825376
7298531954897472801
7298353969632496928
7298345046330346784
7300790595574959393
7279455418219318561
7279458393000037665
7307434376340589857
7307431008842829088
7307256095347723552
7307240855797075232
7307068138401598753
7307059167896898848
7306873719555656993
7306869461313686816
7306692862773628193
7306680116837502241
7306494177569672480
7306316825929829665
7306145789984722208
7306139009476988192
7306137254810897697
7305958651615792416
7305955423746592032
7305386286674693409
7305226951378128161
7305209843231640864
7305208197059546400
7305019376921546017
7305018467713895713
7305016475310361889
7304848704509332769
7304844306727062817
7304840851648171297
7300790595574959393
7279455418219318561
7279458393000037665
7307625084112440608
7307610568830111009
7300790595574959393
7279455418219318561
7279458393000037665
7300790595574959393
7279455418219318561
7279458393000037665
7300790595574959393
7279455418219318561
7279458393000037665
7307804612130540832
7300790595574959393
7279455418219318561
7279458393000037665
7300790595574959393
7279455418219318561
7279458393000037665
7300790595574959393
7279455418219318561
7279458393000037665
7279458393000037665
7307983581379611937
7300790595574959393
7279455418219318561
7279458393000037665
7300790595574959393
7279455418219318561
7279458393000037665
7300790595574959393
7279455418219318561
7279458393000037665
7300790595574959393
7279455418219318561
7279458393000037665
7308183455664180512
7300790595574959393
7279455418219318561
7279458393000037665
7300790595574959393
7279455418219318561
7279458393000037665
7300790595574959393
7279455418219318561
7279458393000037665
7308359590477909281
7308355854334577953
7300790595574959393
7279455418219318561
7279458393000037665
7300790595574959393
7279455418219318561
7279458393000037665
7300790595574959393
7279455418219318561
7279458393000037665
7300790595574959393
7279455418219318561
7279458393000037665
7308543800207576353
7300790595574959393
7279455418219318561
7279458393000037665
7308729738774826273
7308728745332870432
7300790595574959393
7279455418219318561
7279458393000037665
7302794520909860129
7302792029640117536
7309095504539864353
7309284622557269281
7309837295430110496
7309830658900200736
7309678954024160544
7310032687647968545
7310209274104368416
7310217457464102176
7310408772218866977
7310405321783102752
7310591151713570080
7310590241352469793
7311141641543322913
7310964490156133665
7310948686605962529
7310947043655126305
7310774503024364832
7310764508488764705
7311339133333425441
7311328279166733600
7311324989993520416
7311517380952247584
7311893519197539617
7311698211792489760
7311688469758233889
7312068456529071393
7311516368002616608
7312092963415362848
7314881270666874144
7314866550635334944
7314674767607450913
7314669889300516129
7314504876149574944
7314502141018721569
7314296292165913889
7314154086373313825
7314153087239818529
7314151339972513056
7314149187610742048
7313922683429752096
7313918766893518112
7313916472684858656
7313762010120965409
7313742480040561952
7313562709763706145
7313548965759274273
7313368586855124256
7313365474841070880
7313197986287258912
7313194422429093153
7312824610817330464
7312640103187320096
7312624523080240416
7312617810243489056
7312438627810708768
7312436307362417953
73122703271391101777320416880177548576
7320244059170229536
7320237066418261280
7320055438823787808
7320047082352446752
7319872029346368801
7319852836768992545
7319692649311587617
7319685588033031456
7319681571613674785
7319504746203696417
7319493620724141345
7319483488493735200
7319325375559912736
7319303590441536801
7319130047590223136
7319130033640066337
7319121270749072673
7319111302570446113
7318741410662911265
7318577103107149088
7318570287031766304
7318385518213909793
7318377229539478817
7318374583176875296
7318197731502181665
7318196939479207201
7318006584444013856
7318005197412781345
7318002686568189216
7317820504881040672
7317819720697236769
