7290808794219695403
7290717674500328746
7290707492374433054
7290150427897679147
7290058449793273134
7289976116713098542
7289762855853755690
7277123574266318126
7275521654510570798
7276687389706161450
7293080906867264799
7292997925804789023
7293726799358414126
7292775494821367070
7292764826017778974
7291923104446614814
7291890296927882527
7291669969362832671
7291604178076536095
7292775494821367070
7292764826017778974
7291923104446614814
7291890296927882527
7291669969362832671
7291604178076536095
7291534542832241950
7291513909532495135
7291534542832241950
7291504032873565483
7291513909532495135
7291463587443313951
7291504032873565483
7291272094766124319
7291463587443313951
7291272094766124319
7289753226985868586
7289753226985868586
7289610890507193630
7289452168128580895
7289227734495005998
7289610890507193630
7289452168128580895
7288884211891670303
7289227734495005998
7288575417852628254
7287788911835827486
7287773595927842079
7287564502130887967
7288884211891670303
7288575417852628254
7287478743516319006
7287429577960328478
7287193570426015006
7287021917628910878
7286849616992161054
7286726500395650334
7286671574801960222
7286654077159705886
7286098583206546719
7285978414203342111
7287788911835827486
7287773595927842079
7287564502130887967
7285560375121136926
7285207105877953823
7284974875465272606
7284274631018843438
7284239200809962798
7287478743516319006
7287429577960328478
7287193570426015006
7284070544327167262
7284053384963853599
7287021917628910878
7286849616992161054
7286726500395650334
7286671574801960222
7286654077159705886
7286098583206546719
7285978414203342111
7282619169500122410
7282416659174853931
7282250448651128110
7285560375121136926
7282043569429384491
7294082626644692267
7294045359813283103
7282033814967192875
7281973232700362027
7281880340069731627
7281850201218845994
7281598385977707819
7281153277872459051
7280884795616513326
7285207105877953823
7284974875465272606
7284274631018843438
7284239200809962798
7284070544327167262
7280502027254287662
7280322002232151339
7284053384963853599
7282619169500122410
7280139609747508526
7280092915626446123
7279722345047100715
7279215242364800302
7279091427739749678
7279020607470144810
7278893736237616426
7278688981682818346
7278668878056590635
7278652564940344618
7278621661308456235
7278328608203132206
7278138909438004523
7278134222554959147
7277787390859595051
7277783899047021867
7277769592511008043
7277523206368464171
7277060178539793707
7277027269585997102
7276671349291060523
7276655873173310766
7276468155759824171
7276309039582104874
7276090677295910190
7275689394311269678
7275557626325306666
7275533248443190574
7275525725610904875
7275340476109163822
7275332315377618218
7294980062196075806
7294929492848594222
7294918342442306846
7294870286208339242
7295941532811529503
7296308871080004894
7296684534525857054
7296671888636431646
7296736260406758686
7297027782289132831
7297074494793878814
7297086450284121375
7297120010076572971
7297231439198817566
7297462651016301855
7297567845788044574
7297593213047655710
7297614132323290398
7297611892351061279
7297642541996969247
7297895576849354015
7297929606496128287
7298148409297374495
7298178373661101342
7298168652862377246
7298232397198396715
7298221340232846635
7298553230303235359