7097881919160913179
7098724164063792411
7122768602780028187
7104238378027109658
7108299704139566363
7130582047076125978
7105244824982375706
7096731915339812122
7107557620885556507
7122768602780028187
7108299704139566363
7156579101338307866
7105253800168017178
7122768602780028187
7104238378027109658
7108299704139566363
7130582047076125978
7156579101338307866
7097454241639419162
7096731915339812122
7096731915339812122
7097881919160913179
7214073208973135130
7103108852421348634
7133027133567307034
7126113761861160218
7107223782661623066
7126113761861160218
7099330103867411739
7126113761861160218