7224376425682455813
7224107014530600198
7224376425682455813
7224107014530600198
7224376425682455813
7224107014530600198
7224376425682455813
7224107014530600198
7224376425682455813
7224107014530600198
7224376425682455813
7224107014530600198
7224376425682455813
7224107014530600198
7224376425682455813
7224107014530600198
7224376425682455813
7224107014530600198
7224376425682455813
7224107014530600198
7224376425682455813
7224107014530600198
7224376425682455813
7224107014530600198
7224376425682455813
7224107014530600198
7224376425682455813
7224107014530600198
7224376425682455813
7224107014530600198
7224376425682455813
7224107014530600198
7224376425682455813
7224107014530600198
7224376425682455813
7224107014530600198
7224376425682455813
7224107014530600198
7224376425682455813
7224107014530600198
7224376425682455813
7224107014530600198
7224376425682455813
7224107014530600198
7224376425682455813
7224376425682455813
7224376425682455813