7296461236449873160
7296067879643008274
7295738018789428482
7295349465219747080
7294603372047437063
7294232288831753490
7293862470370823442
7293724472056515848
7293488625667427602
7293377044115721479
7293114732414799111
7292743671760424199
7292372249401773320
7291848703793466642
7291333525536574728
7291283160317398290
7290883247469317384
7290160034330201362
7289778050047216903
7289411414706441479
7289066862686620936
7288700845217156360
7288289366303198472
7287914474298723602
7287554937456790791
7287217891269774610
7286851525798890759
7286473652734807304
7286087067719765256
7285705894476778759
7285360088322198802
7284966273782500615
7284604351920885010
7296831995789839624
7297186633768504584
7297956126757342482
7290512539077709074
7298323781028744455
7298667056126348562
7299273555315854599