7267335761752640770
7247503631166049542
7244526341394009350
7244522171702217990
7244521212309671173
7243666714645384453
7216107924400147739
7216107331921251610
7215735709540338970
7215384482440875291
7214851167866670362
7214833091087437083
7214450560714427674
7214258283480239387
7212768781188304155
7212411969335299355
7212151489148620059
7211660158093511962
7211132439236807963
7211122749312421146
7211002269511339290
7210764459705470235
7210561565915942171
7210400215029927194
7210379358517660954
7210366395488423174
7210293730782219547
7210265655226977562
7267335761752640770
7247503631166049542
7244526341394009350
7267335761752640770
7247503631166049542
7244526341394009350
7267335761752640770
7247503631166049542
7244526341394009350
7267335761752640770
7247503631166049542
7244526341394009350
7267335761752640770
7247503631166049542
7244526341394009350
7267335761752640770
7247503631166049542
7244526341394009350
7267335761752640770
7247503631166049542
7244526341394009350
7267335761752640770
7247503631166049542
7244526341394009350
7267335761752640770
7247503631166049542
7244526341394009350
7267335761752640770
7247503631166049542
7244526341394009350
7267335761752640770
7247503631166049542
7244526341394009350
7267335761752640770
7247503631166049542
7244526341394009350
7267335761752640770
7247503631166049542
7244526341394009350
7267335761752640770
7247503631166049542
7244526341394009350
7267335761752640770
7247503631166049542
7244526341394009350
7267335761752640770
7247503631166049542
7244526341394009350
7267335761752640770
7247503631166049542
7244526341394009350
7267335761752640770
7247503631166049542
7244526341394009350
7267335761752640770
7247503631166049542
7244526341394009350
7267335761752640770
7247503631166049542
7244526341394009350
7267335761752640770
7247503631166049542
7244526341394009350