7290866113884261640
7290132179793743122
7289762905673747718
7289041583935229190
7293129483979214087
7292745885405023496
7291257324205903122
7288670957412027654
7288285472487476485
7287917003891936518
7287541511871286534
7287178398114336005
7286797288398179590
7286450104918084870
7286072361135131910
7285711679848008966
7285347974199119109
7284953770176384261
7284212252654210309
7283854609901178118
7283483152541093126
7283106523742620934
7282750281136311558
7282354487673638149
7281618717505490181
7281242231955033349
7281119730776296709
7280866147723922693
7280491053264702725
7276429480447528210
7276044812929879303
7275670020842294535
7274193921440369938
7273838876681178375
7273482464876563730
7273106413340167432
7270098412224187653
7269794050344013061
7267489067154066689
7264557909034405122
7263357940948602113
7260476039707626753
7260097303795600642
7259723091230674178
7258345537299074310
7258243516915010822
7257924682114977030
7293658235796458760
7294583875647442183
7293851168021761298
7294961631279287560
7295705884246822162
7296087892588285202
7283106523742620934