7118051541663190298
7118046261701332250
7118026462107651354
7117986831341341978
7118051541663190298
7118046261701332250
7118026462107651354
7118051541663190298
7118046261701332250
7118026462107651354
7118051541663190298
7118046261701332250
7118026462107651354
7118051541663190298
7118046261701332250
7118026462107651354
7118051541663190298
7118046261701332250
7118026462107651354
7118051541663190298
7118046261701332250
7118026462107651354
7118051541663190298
7118046261701332250
7118026462107651354
7118051541663190298
7118046261701332250
7118026462107651354
7118051541663190298
7118046261701332250
7118026462107651354
7118051541663190298
7118046261701332250
7118026462107651354
7118051541663190298
7118046261701332250
7118026462107651354
7118051541663190298
7118046261701332250
7118026462107651354
7118051541663190298
7118046261701332250
7118026462107651354
7118051541663190298
7118046261701332250
7118026462107651354
7118051541663190298
7118046261701332250
7118026462107651354
7118051541663190298
7118046261701332250
7118026462107651354
7118051541663190298
7118046261701332250
7118026462107651354
7118051541663190298
7118046261701332250
7118026462107651354
7118051541663190298
7118046261701332250
7118026462107651354
7118051541663190298
7118046261701332250
7118026462107651354
7118051541663190298
7118046261701332250
7118026462107651354