7297167730770185490
7296007104094014727
7295670252870864136
7295267037985688850
7293894195431951634
7293070206262398226
7292614930388356360
7292054267819478280
7291293837912280328
7290189267886738706
7287965576872348935
7286481594334891272
7284948915999296775
7283825310758456584
7283529559360703762
7283098760115178770
7283068389503945991
7282217074305371400
7281224795784498440
7280456016813100296
7280059661141757192
7279425500488027400
7278679453834743058
7277867271987531016
7277200613308386578
7276029300950781202
7275284001160514834
7274220220124859666
7273800609386515720
7273321126003019015
7272007076618980613
7271246606899449093
7270495130593824005
7269717412503735557
7269336941932383494
7268681271809789189
7267888820031393029
7267471963348602113
7266008890968378625
7265266289860414721
7264181231057734913
7263088703160044801
7262721212793490689
7261995319762701569
7261546876950957313
7261163117525191938
7260426139649281282
7260098949703355649
7259765442225409282
7259399251921276166
7258933791014669573
7258297179901660422
7257549509016685830
7256999989698743557
7256797287442058502
7255601015469133062
7255326237462187270
7254583680427969798
7253776709152165126
7253005428819332358
7252349176862739718
7251103192979623173
7250770011302808838
7249288414426598662
7247886211078049030
7247129302947466502
7246706530291109125
7246180316598078726
7245960556228693253
7245577364376227078
7245210278101634309
7244466683300154630
7243688153658395910
7243427126278376710
7242625979368197382
7242255199102848262
7241761050968722694
7241519468004871430
7241151402934897926
7240801319206800645
7240340712695319835
7239642474568928517
7239252196162850053
7239176460387323142
7238887053990087941
7238484827471744262
7238120129786088709
7237869451666803973
7237862459594296582
7237020706616184069
7236679393190366469
7236374300213677317
7235991024970091782
7235307734281768198
7234860225315032326
7234452064678448390
7233990787011251461
7233811148934515974
7233433738741288197
7233023898059754758
7232577784500047109
7232215289474157830
7231901261178604806
7231536733047803141
7231195774665690373
7297861296303705351
7298660764800306440