7274027044248374546
7254894153530608901
7234802935803219205
7230719420878900486
7228717427075337478
7227759149788990725
7227687356759805189
7227015082343959814
7226872247921724677
7226588608835095814
7225813239777512709
7225594407901236486
7225441506927103238
7225023042311720198
7224732803009678597
7224036909528419589
7219662554518375706
7219501689655528731
7218004192139529478
7216494961976528133
7215901186166213914
7215768432518778138
7214052533738949915
7212222658778336538
7203556586151791899
7198756321456393499
7193685968237432090
7190533061950360859
7190262924655562011
7189062763585506586
7169412210878352667
7169129081953357083
7169086289302605083
7274027044248374546
7254894153530608901
7234802935803219205
7274027044248374546
7254894153530608901
7234802935803219205
7274027044248374546
7254894153530608901
7234802935803219205
7274027044248374546
7254894153530608901
7234802935803219205
7274027044248374546
7254894153530608901
7234802935803219205
7274027044248374546
7254894153530608901
7234802935803219205
7274027044248374546
7254894153530608901
7234802935803219205
7274027044248374546
7254894153530608901
7234802935803219205
7274027044248374546
7254894153530608901
7234802935803219205
7274027044248374546
7254894153530608901
7234802935803219205
7274027044248374546
7254894153530608901
7234802935803219205
7274027044248374546
7254894153530608901
7234802935803219205
7274027044248374546
7254894153530608901
7234802935803219205
7274027044248374546
7254894153530608901
7234802935803219205
7274027044248374546
7254894153530608901
7234802935803219205
7274027044248374546
7254894153530608901
7234802935803219205
7274027044248374546
7254894153530608901
7234802935803219205
7274027044248374546
7254894153530608901
7234802935803219205
7274027044248374546
7254894153530608901
7234802935803219205
7274027044248374546
7254894153530608901
7234802935803219205
7274027044248374546
7254894153530608901
7234802935803219205
7312348399473265921