7288859665239149842
7283794818596195591
7283713813268991250
7283471773029420295
7282637549619776776
7282593328405777672
7282571639978478855
7281959792095137042
7281837364845038856
7281632797817605383
7281577581655182600
7280732744882081031
7280503342491602183
7280444015592393992
7280362311796215058
7279989168808185095
7279602118615387410
7279380381982395666
7279281727099489543
7278527678993534226
7278255238828625160
7277778055584632072
7277494056773487890
7277436119967386888
7277383197900459282
7277061241376443666
7276992140910136594
7276971169528433927
7276789707214687495
7276635774634691858
7276268693573651730
7275902850624933128
7275638930169449746
7275523852803788039
7275233393489579272
7274571478950022408
7279751480633003272
7274541161711193352
7274513027943222536
7273841704506084616
7273767538880793863
7273681880711449863
7273336419530067218
7272891833875795207
7272606399731928338
7271987783479069957
7271958247077055750
7271953071347862789
7270045207876455685
7269950561473056006
7269319453261696261
7267724229372595461
7267694525534047494
7264903829446003969
7264028623101824257
7263285966788480257
7262877783062252802
7261534613808401665
7260695901021195521
7260299227954220290
7259929693435038978
7259581505695927554
7259291648121670914
7259207471225523457
7259007990055931138
7258055247589903617
7255466490017893637
7254446272655019270
7253773994820734214
7252244556698176774
7252112128264457477
7251913722703121670
7251758206022618373
7246766111713283333
7245215547552582918
7242580318811720966
7242504089500781829
7241893133808700678
7241850963881954566
7237002980963192069
7235258026771549445
7235045413521296645
7234782772022496517
7234475425299254534
7234082980556295429
7219840905841216794
7219499902554934555
7217985579634429189
7216487663870741766
7216166054941232410
7215899766025178395
7215411979266051354
7215214659106884890
7211015029192281371
7209469595344751899
7208144650442411290
7206203976553991451
7204758055253249307
7198802768830696731
7197697633429851419
7197020623804173595
7196542527820844315
7191314128760311067
7191002859196943643
7291471055590378753
7292570785393249537
7293101198922534146
7294168217935793409
7294100374468758786
7294954589726575873
7294942380334042370
7297036535344450817
7298699867763772673
7299053229395004674
7304863327488855298
7304839231799610625
7303476802998078722
7303156654332316929
7303135517321776386
7302968745641708801
7302735095595552002
7302376767858150657
7301523592494288129
7300743474951834882
7300432928822136066
7300365337277615361
7300360799338384642
7299419112143359234
7305298360435559681
7305294272817794305
7305253909596081410
7305200504215211266
7304965424842640641
7304943405254135041