7288873449123024146
7288603570214161672
7288238877511290120
7288222090388393224
7288147440820096263
7287515018881486098
7287377407563287815
7287172685459770631
7287119037480373511
7286774846393175314
7284428457407253768
7284423636985974034
7284423636985974034
7284401952736283911
7284202102832778503
7284147334387125512
7284028621444877586
7283801267577572616
7283738054324456712
7282588006010178823
7282318965060259090
7275136954168052999
7274855003779583250
7274515466742287624
7274427856468380936
7274049212315094290
7274023095654993170
7274009139645320456
7273802710640561415
7273726667200187656
7273662533012098311
7273397492656377096
7273268229827579154
7273031658784312583
7272991495550962951
7272910941115763976
7272689019744472338
7272646495885741320
7272568723712593170
7272540974193118471
7272253159567871237
7272197062966447365
7271991430183243013
7271917744696626437
7271422172483046661
7271181325388811526
7271067784619117829
7270703603222908165
7270697632429919494
7270075917358075141
7269949472149523718
7269945531441466629
7269332766167158021
7268930778573163781
7268879774842457350
7268848733310192902
7268825032401390854
7268467360212716806
7268097252042788101
7267896917659634949
7267862653014396166
7267517284187491590
7267452049355181314
7267348230629903617
7267054426874006785
7266617675483319554
7266230639039417601
7266009829548838146
7265611501728271617
7265485665511542018
7265206770233003265
7264882165450591490
7264034318295551234
7263668614635572481
7263289962810920194
7263273689829920001
7262862504676691202
7262701717039484161
7261116951974448385
7260331811815951617
7259205707679927553
7258828706104298754
7255190062994836742
7254006820287696133
7244441475856092422
7242505563152698629
7242122712452287750
7234505488602369285
7234132637667839238
7234078836940590341
7219497268611763483
7219192248569842970
7218192181171883269
7218156425640430853
7217798533083172102
7217401125589257478
7216483058378132742
7216159400338148634
7215138846609132826
7214828552552893722
7214382657809976602
7212931603549490459
7212080659462966555
7211707502524714267
7209617743832714523
7209273030659280154
7291492907989716225
7291539053395135746