7291121825294175490
7291097442525728002
7290917420460461313
7290888093043887361
7290871963306724609
7290731020616355073
7290572072013532418
7290539415099804930
7290349670914657538
7290145479357205762
7290141344247385346
7290095063835610369
7289837175988817153
7290095063835610369
7289837175988817153
7289419347334892802
7289245261820382465
7289238337347423489
7288999507709234433
7288867599654456577
7288863385117019394
7288696799441751297
7288641827626863874
7288548302839106818
7288352430557760770
7288154557488631042
7287973274057772289
7287952518959664385
7287760565550779649
7287510113814924546
7287497868494097665
7287490788705979649
7285924344570580225
7285329388260871425
7284586079213128961
7284487377257614594
7284433796928261378
7284416092011793666
7284245116057832705
7283548831206116610
7283108229041622274
7280002763289791746
7279983948761926913
7278961869816188161
7278480224377933058
7277137625163549954
7276711798479342850
7276265339753696513
7274801775134264578
7274779596313103617
7271891962330975494
7271827091296029958
7271257977661934854
7271122990748814598
7270767713893616901
7291680892903329025
7294429987455782146
7294273028450569473
7294270335837457666
7293871293286403329
7293701663544708354
7293542267560807681
7293533326348913922
7293005829681319170
7292646629654400258
7292577761686867201
7292259589318364418
7292042225054272769
7292036400151530754
7291994699651419393