7290932965654203680
7296178197891140896
7295806840439344417
7294594122453765409
7294280781348867361
7293548154945834273
7293204270759857440
7292818333852847393
7297115757714902304
7296928130025966881
7292782665093172513
7291632365842009376
7291276954387352865
7290882986210348320
7290186130186652960
7289380092516584737
7289143560773881120
7289008161049021728
7289004380068515105
7288735304733789472
7287983976671726881
7287162384538504480
7286501523654233376
7286143700089031968
7286122957334646048
7285687839575051553
7285666440361889056
7285413868216552736
7280982469531225376
7280504418515094817
7279691010425294112
7279369805998689568
7278251837197700385
7277905389381766433
7277863919144766752
7277535306813836576
7277504068589735201
7275731516825619744
7275681522718395681
7275562073831116065
7275306437264411936
7275261503194926369
7275240775347178785
7258171953419242778
7249992855526067482
7249683017273183514
7249283437029346587
7249038805758381338
7248915556257058074
7247786446646447387
7247456118430092571
7247021809210510619
7246668750592773402
7246315087819017499
7245180110704315675
7244822678043921690
7244441689551654170
7244084107372727579
7243702960184691995
7242598090329410842
7242220007747292443
7241859749673848090
7241446557478849819
7241135849054686490
7239635700285476123
7239258898887118106
7238901827058535706
7238676166603787546
7238507959125314842
7237390930750328091
7237007427667856666
7236714630813453595
7236648730756271387
7236372040750566682
7236295224304127258
7236007042979319066
7235929021899443483
7234787866704874778
7234495649696271642
7233370072213933338
7231872986628820250
7231539609606343962
7231476283287309594
7231215557335436571
7231133187517238554
7230831707576995099
7230809390234864923
7213699654066785541
7213674986484157702
7213335620851174661
7213299249738501381
7212923246423919877
7212627107371961605
7212623611281100038
7211529455896890630
7211467891760303365
7211466784183028998
7211262183244631302
7211224390137335046
7211219876541664517
7211101444198518022
7210849148378057990
7210823317299678469
7210822617064852742
7210413756340358406