7306343738236882183
7302794381700959495
7301623315758730514
7309673196356193554
7309140983780740360
7306042849022315783
7306041957598416136
7305957814168587527
7305573394613865735
7304990948763651336
7304248832945114386
7303919730904091911
7303715928875863303
7303531796585647368
7303521751764307208
7303153484935728392
7302794997537967378
7302756649238826258
7302756270006603026
7301561734874139922
7301171629701221640
7301171076124511495
7300529876883344648
7300392104998620434
7300178195381341458
7300051500246519048
7299438839678962951
7299276389646159122
7299270420765740306
7299056505523817746
7298681198862224648
7298172353035455762
7297797645802753287
7297797284954246407
7296823198916693255
7296822656488328456
7294861830055316754
7294861123612839186
7294086653965061384
7293870049541033234
7291882434860174600
7291874317808176402
7291873763375729928
7291327134612606209
7290022015342284039
7289646862879984914
7289437749738786056
7289410880704400647
7288220665214242066
7287824040578878728
7286056335970553095
7285716358019452168
7285600423593970951
7285373725795536135
7284430031785397522
7284301129930902791
7284296237652741383
7284115091174313223
7283781016160914695
7283732108684561672
7146572306624646427
7302794381700959495
7310220899540684050
7310954649962499346
7314825737414954258
7314824279437151496
7314315176591871250
7314306119457836306
7313837463045213447
7313836962035617031
7313746102631566610
7313531564049173767
7313530686596500743
7313418338821066002
73134168251806384717318189072596372754
7318187784290766087
7318186317081333010
7315250030158318856
7315016287669865736
7315015286510390536
7318189072596372754
7313416825180638471
