7290761353290173697
7290395439810022657
7290381558811249922
7290131741174516994
7289001116984003841
7288342462978968833
7288255795156749570
7287896882628578562
7287460974192348417
7286803171148598530
7286679100436073729
7284991463551798529
7279439282253614337
7278134877784935682
7277864994602044673
7277039227420904706
7277028150691990785
7276772506772524289
7276393303564766466
7275653204505922817
7275632453283237122
7275259524934651138
7275256679485230337
7268125005521702149
7290873743935606018
7266252228942384385
7265707625797405954
7264837301505740034
7264796099926314241
7264775183108427010
7263651972232875266
7263645613827378434
7262781251298282754
7260724096168758529
7260347397329521922
7260059641340611841
7259947435936500994
7257758725962747141
7254558178296352006
7254372161475857670
7254125218032110853
7253780374659271942
7253640782953958662
7251879229661416709
7251054510238387462
7250778254078971141
7250730829813386501
7250320803059764485
7250160787346574598
7250030428684291334
7249949301936409861
7249390113308822789
7248940381537111302
7248574232886594821
7248283530071969029
7248202109089254662
7247829623776562437
7247526818390002950
7247473002537848069
7246469635745320197
7245679695222590725
7245521293553011974
7245215220980010245
7245124690048568581
7244954911266540806
7244935088817917190
7244753326175292678
7244585215207820550
7244488883898043654
7244194101619428614
7244065948653767941
7243695143742639366
7243462414740573446
7243104230213520645
7243017874535615749
7242880920351509766
7242317209928764677
7241895701808958726
7241764579112389893
7241501408762203397
7241437815731440901
7240477245561769222
7240463574978612485
7238927982524452102
7238803066487590149
7238240954644286725
7238200624578432262
7292610335784144129
7236562415947746566
7236380870414847238
7236001764795780358
7235867498619456774
7232595493845486853
7227873576047627526
7226652398595378437
7223214838435040539
7219286826530491674
7219229663736974619
7217762240554863899
7215974967542910235
7215526961072901403
7214718607266204954
7210218319322844442
7208604858373442843
7208533240007724315
7293344747937189121
7294431780810132738
7295748762582945026
7296330124432133378
7296326123015736577
7296314642383588614
7296808712570670338
7296894173955902721
7297200881215261954
7297262159531117826
7297589362152295682
7298011303405374721
7298007027018648833
7279714018523221250
7298186611571920130
7298525379403271426
7298365869023841538
7298288137866906881
7298972685650971905
7305260217439243522
7305220023323331841
7304597979929840897
7300401648306801921
7300223754146188546
7299482088913358082
7305800853112360194
7307457261054512385
7305800853112360194
7305220023323331841
7307651157449608449
7307457261054512385
7305800853112360194
7307651157449608449
7307457261054512385
7305800853112360194
7307651157449608449
7307457261054512385
7305800853112360194
7307651157449608449
7307457261054512385
7305800853112360194
7307651157449608449
7307457261054512385
7305800853112360194
7307651157449608449
7307457261054512385
7305800853112360194
7307651157449608449
7307457261054512385
7305800853112360194
7307651157449608449
7307457261054512385
7305800853112360194
7307651157449608449
7307457261054512385
7305800853112360194
7307651157449608449
7307457261054512385
7305800853112360194
7307651157449608449
7307457261054512385
7305800853112360194
7307651157449608449
7307457261054512385
7305800853112360194
7307651157449608449
7307457261054512385
7305800853112360194
7307651157449608449
7307457261054512385
7305800853112360194
7307651157449608449
7307457261054512385
7305800853112360194
7307651157449608449
7307457261054512385
7305800853112360194
7308674277061004546
7307651157449608449
7307457261054512385
7308674277061004546
7307651157449608449
7307457261054512385
7308674277061004546
7307651157449608449
7307457261054512385
7309031072635833601
7309014627445181697
7309039745471122690
7309135404123376897
7309418235416300802
7309777650707401985
7310080705822805249
7310072998726339841
7310150722606124290
7310193824272272641
7310260076693048578
7310440836217441537
7311163498942319873
7310892304456371458
73127440650265100817196718326909783322
7196718326909783322
