7277107779238710546
7277087568980757778
7241899385989188870
7234765545256635653
7232866252547542278
7232560607847795973
7232262077560130821
7231352258787642629
7231101472740592901
7230663777216138502
7229173665366101254
7228859209473953029
7228118149697162501
7227018297466817797
7226967800110189829
7225198875169033477
7225048908458626310
7224671475503058182
7224127908988751109
7223380726387838213
7221431102668377371
7221149180943699226
7221056571915259162
7219646615945104666
7218030098589420805
7216481625746558213
7216296351888444677
7215566340390735131
7213281634458668315
7212933234642930970
7202508401379675419
7202185787180453147
7200502544324480283
7200004902695849243
7197767121567288602
7196280253453536538
7292324816848309506
7293475362489568514
7293810086999379201
7293805896726056194
7294456136441384193
7294454367443242242
7294539801858952449
7295668906587327746
7295619119053917442
7295568131483897090
7295544439978708225
7295330063162166530
7295254159828307201
7295251712535743746
7294994761990130945
7295918076518747393
7295911620734176514
7295705829276159234
7296016125752626434
7296000978669620482
7296391040481742082
7296307774575693058
7296301529458330881
7296064707759279361
7296670305366347009
7296772561495526657
7296704355267267842
7297051469813959937
7297107486580952321
7297122262052818178
7297402474032385281
7297415571426020609
7297424453275847937
7297766198534556930
7297783569827581186
7297806100378684673
7297898376400473345
7297919663919369473
7298155350136540417
7298172097552059649
7298163223830842625
7298552472317021442
7298537133990579457
7298529075834965249
7298521703892667649
7298306429323054337
7298273172007308545
7298870406897814785
7298682094283132162
7298641900901240065
7298617337060625666
7299276265662450945
7299250326727625985
7299074724364176642
7299033356879088898
7302680697297308929
7302662694048435457
7302658181178641665
7302627249612672258
7302599848350600449
7302389052794260738
7302367861429865730
7302340675004091650
7302314492505902338
7302025390678232322
7301987966371646722
7301971724088773890
7301904050184932609
7301882085902421250
7301546939877772545
7300057297219357953
7300030996357991681
7300006749669510401
7299610667097525506
7307582490816843010
7307231780166307074
7307213454677445889
7307205378326973698
7307203237084466434
7307181561638604034
7307582490816843010
7307231780166307074
7307213454677445889
7307582490816843010
7307231780166307074
7307213454677445889
7307582490816843010
7307231780166307074
7307213454677445889
7307582490816843010
7307231780166307074
7307213454677445889
7307920239084211458
7307903441668541698
7307582490816843010
7307920239084211458
7307903441668541698
7307582490816843010
7307920239084211458
7307903441668541698
7307582490816843010
7307920239084211458
7307903441668541698
7307582490816843010
7307920239084211458
7307903441668541698
7307582490816843010
7307920239084211458
7307903441668541698
7307582490816843010
7307920239084211458
7307903441668541698
7307582490816843010
7308266156958207233
7307920239084211458
7307903441668541698
7308335747545812225
7308299408947399937
7308266156958207233
7308335747545812225
7308299408947399937
7308266156958207233
7308335747545812225
7308299408947399937
7308266156958207233
7308335747545812225
7308299408947399937
7308266156958207233
7308578188362321154
7308551125291044098
7308539014435441921
7308526735870528769
7308578188362321154
7308551125291044098
7308539014435441921
7308578188362321154
7308551125291044098
7308539014435441921
7298617337060625666