7287617941128973575
7287617941128973575
7096477168015887618
7292437562508004615
7292437562508004615
7174076757316766977
7285013800913243393
7264910784063491346
7293403025421405442
7293013654776139009
7096477168015887618
7255152551618792706
7105247431704513794
7287991448476126466
7227674931482463489
7223994640620326150
7264601273826151687
7287617941128973575
7271304871888932103
7268878130813717762
7287617941128973575
7126439355459112194
7309804057990925570
7304289719196650754
7306426363659980034
7306426363659980034
7306426363659980034
7096477168015887618
73042897191966507547320510895984053505
7320510895984053505
