7275970000861547778
7273795342284360962
7270064713390771461
7269973321368751366
7264081443381366023
7259720023185313042
7255601577057094917
7249973541599333637
7243316120831266054
7297963773430697218
7302293090235174146
7305748858401721602
7307112081260596481
7305748858401721602
7302293090235174146
7307112081260596481
7305748858401721602
7302293090235174146
7307112081260596481
7305748858401721602
7302293090235174146
7307112081260596481
7305748858401721602
7302293090235174146
7307112081260596481
7305748858401721602
7302293090235174146
7307112081260596481
7305748858401721602
7302293090235174146
7307112081260596481
7305748858401721602
7302293090235174146
7307112081260596481
7305748858401721602
7302293090235174146
7307112081260596481
7305748858401721602
7302293090235174146
7307112081260596481
7305748858401721602
7302293090235174146
7307112081260596481
7305748858401721602
7302293090235174146
7307112081260596481
7305748858401721602
7302293090235174146
7307112081260596481
7305748858401721602
7302293090235174146
7307112081260596481
7305748858401721602
7302293090235174146
7307112081260596481
7305748858401721602
7302293090235174146
7307112081260596481
7305748858401721602
7302293090235174146
7307112081260596481
7305748858401721602
7302293090235174146
7307112081260596481
7305748858401721602
7302293090235174146
7307112081260596481
7305748858401721602
7302293090235174146
7307112081260596481
7305748858401721602
7302293090235174146