7173173372954742042
7221711145395113243
7198327204948823323
7296749776593276168
7295349324307811602
7294253227124559112
7291845503849975048
7291619627128392967
7291071330332544274
7291067409773939976
7288918625233276178
7288149711746370823
7287975962703170823
7287565262142967048
7286831567647804680
7286788239803927816
7285507994874285319
7285353862402198802
7285271705403084039
7284988203143154951
7284255180151983367
7283725403481574674
7283411892884884744
7283280417355025682
7283121892070837522
7282547463456623890
7282398852609707282
7282033574650367240
7281949824398773512
7281822014346759432
7281807636725615890
7281217547960110343
7281164469646970130
7281128502319942930
7280044651598351624
7279569724957035783
7279399523770846471
7278485763283782919
7278482747079789832
7277575790001147143
7277403556125199624
7277212567964028167
7277178636417993991
7277091196210613522
7276822487030074631
7276715811719400712
7275894500910763272
7275625477048470802
7275285596824784136
7274915880868252946
7273788220515667208
7273264910803553544
7273006117330930952
7272210980812180741
7272202305351585030
7271467638541372678
7271126354353999110
7270297635230108934
7270294185478016261
7269003143013289222
7268460414143450374
7268294092054973702
7267403968718851330
7266582412321099010
7266051061885046018
7264134680620911874
7263472701212249345
7263064838039948546
7261950917988142338
7261411088246279425
7261264756114279682
7260812723397627138
7260497588858883329
7259385037634981125
7259185481596914949
7257526867454987525
7257397075887803653
7257316314065276166
7257167370643328261
7257121091867462918
7256929908226526469
7256379757959417093
7254734199431712005
7253797148133739781
7253330987793272069
7252698942629088518
7252680986482314501
7252148669904964869
7251768287565008133
7251591947800923398
7251225677247171846
7249910648467918085
7249682885202939142
7249363713851985157
7249220554325036293
7249154599532252421
7248421820439727365
7248112204682120454
7247866515419122950
7247749369338825989
7247293050832063750
7245872336476409093
7245660657670999301
7244716124498152710
7242670406463802629
7242565137721347333
7242095061549223174
7190548762434014491
7298677524345687304
7304101441063456008
7301928822344011026
7301649046979071239
7301626644912016648
7284988203143154951
7173173372954742042
7190548762434014491
7284988203143154951
7173173372954742042
7190548762434014491
7190548762434014491
7190548762434014491
7307573415378947336
7284988203143154951
7173173372954742042
7190548762434014491
7284988203143154951
7173173372954742042
7190548762434014491
7284988203143154951
7173173372954742042
7190548762434014491
7284988203143154951
7173173372954742042
7190548762434014491
7284988203143154951
7173173372954742042
7190548762434014491
7284988203143154951
7173173372954742042
7190548762434014491
7284988203143154951
7173173372954742042
7190548762434014491
7284988203143154951
7173173372954742042
7190548762434014491
7284988203143154951
7173173372954742042
7190548762434014491
7284988203143154951
7173173372954742042
7190548762434014491
7284988203143154951
7173173372954742042
7190548762434014491
7284988203143154951
7173173372954742042
7190548762434014491
7284988203143154951
7173173372954742042
7190548762434014491
7284988203143154951
7173173372954742042
7190548762434014491
7284988203143154951
7173173372954742042
7190548762434014491
7284988203143154951
7173173372954742042
7190548762434014491
7284988203143154951
7173173372954742042
7190548762434014491
7284988203143154951
7173173372954742042
7190548762434014491
7284988203143154951
7173173372954742042
7190548762434014491
7173173372954742042
7310499367058722055
7310498667012689170
7312019113092648199
7311995063192538375
7311717648419622151
73120652427484234317319884094664461576
