7222962958928842011
7216907378942430491
7280137748781075719
7277183363528543506
7296500898610629906
7296398968580312328
7296346955637132552
7296345406810721543
7296312584540622085
7295958278507466002
7295957403328187666
7295946094557678866
7295935024132574482
7295933110032665863
7295754132969901330
7295690593643089160
7296868819371347208
7296867445396999431
7295274352180743432
7295270818458733831
7295268930115898632
7295235928610688274
7295221754849430792
7295210675847056647
7295021508995403026
7294910791155748114
7294908612521069832
7294619770568199431
7294528168784841992
7294444213389856008
7295274352180743432
7294263323552435464
7294170560702008584
7295270818458733831
7295268930115898632
7295235928610688274
7295221754849430792
7295210675847056647
7295021508995403026
7294910791155748114
7294086639402355986
7294908612521069832
7294619770568199431
7294528168784841992
7294444213389856008
7293698434983333138
7289051965928066322
7286781643929439495
7286325629010627847
7285907035835698450
7285707030579481864
7282760012844240135
7281272272680209671
7281116840468712712
7238250426540330246
7279245230493175058
7278658011168607506
7278598406036131090
7294263323552435464
7294170560702008584
7278473984893586706
7278284753919282439
7277849045031226632
7277792376775576850
7277756932327329032
7277550261667745031
7277547251071765778
7277467140553264402
7276342494936206600
7274247028924861703
7273299897690901767
7272600248780967186
7272352675084176647
7272163076793830662
7271966337025445125
7271964711615352070
7271159526223580421
7270783179168943365
7270740378515492102
7270490130144611589
7270426512849964294
7270318894600948998
7270146492688747782
7269965229616893189
7269820571330874629
7269313546121383174
7269019046819990790
7268687567174864133
7268567949877824774
7266789868972281089
7266784446815227138
7264419451674676481
7263817271649324289
7263282647256878338
7260831844315221250
7260695369950956801
7294086639402355986
7259952259847474433
7256958597756669190
7256753285485415686
7256619892424609029
7255973591097871622
7255943173757734149
7255603277583240453
7254728200398359814
7254449007911603461
7254447700194626821
7251922575750728965
7293698434983333138
7250672466228432134
7248988497472769286
7248781676719967493
7248084188094614789
7248083086209060101
7246571436935105797
7246389937208085766
7245960582703189253
7245654083867020550
7289051965928066322
7286781643929439495
7286325629010627847
7245479105381190918
7285907035835698450
7285707030579481864
7244453602066959622
7242537111134506246
7242209815903112454
7282760012844240135
7281272272680209671
7281116840468712712
7279245230493175058
7278658011168607506
7278598406036131090
7278473984893586706
7278284753919282439
7277849045031226632
7277792376775576850
7277756932327329032
7277550261667745031
7277547251071765778
7277467140553264402
7276342494936206600
7274247028924861703
7273299897690901767
7272600248780967186
7272352675084176647
7272163076793830662
7271966337025445125
7271964711615352070
7271159526223580421
7270783179168943365
7270740378515492102
7270490130144611589
7270426512849964294
7270318894600948998
7270146492688747782
7269965229616893189
7269820571330874629
7269313546121383174
7269019046819990790
7268687567174864133
7268567949877824774
7266789868972281089
7266784446815227138
7264419451674676481
7263817271649324289
7263282647256878338
7260831844315221250
7260695369950956801
7241477714983652613
7259952259847474433
7240020527547534598
7256958597756669190
7256753285485415686
7256619892424609029
7255973591097871622
7255943173757734149
7255603277583240453
7254728200398359814
7254449007911603461
7254447700194626821
7251922575750728965
7250672466228432134
7248988497472769286
7248781676719967493
7248084188094614789
7248083086209060101
7246571436935105797
7246389937208085766
7245960582703189253
7245654083867020550
7245479105381190918
7244453602066959622
7242537111134506246
7242209815903112454
7241477714983652613
7240020527547534598
7239998034409475333
7239711875808644357
7297030231347465479
7297540891420445970
7297578453140786440
7297576925696904456
7297818269145156882
7297891379475254536
7297924232971848978
7297962744970611986
7297973492539051271
7298252929633389832
7298247818764963090
7298993894862163208
7298988563964710151