7290764731604847874
7290104843492969730
7289268434494311682
7291208545415007489
7289039713434881281
7288712920379247874
7288656408696851714
7288610202499239169
7288393948916141313
7287778659778301186
7287778233943084290
7287137155833433346
7286541989569432834
7285938076994587906
7285553259299835137
7285378501744676097
7284848210428923138
7284601368600399105
7284531317511851266
7283113530222578946
7282751455998643457
7281952710285413633
7281243712301092098
7280338851413986562
7280166384720514306
7280146734750256386
7279991041380404482
7279813808204287234
7279813237019905282
7279812740825304321
7279812403678711041
7279750622830742786
7279699901007564033
7279404133507976450
7292306903231696130
7291903207188581634
7291869792879856897
7291614084485647617
7291504661490699522
7280530885424762113
7294681643804101889
7294681073982786818
7294680478337010946
7294649744020819201
7294587865944673538
7295597601376849153
7295252715502963970
7295231706389302530
7294884114811849985
7295944748144004354
7295777032733003010
7296691395983691009
7296689723454622977
7296687367694470402
7296877552218524929
7297087169879952642
7297085717707050241
7297083955260525826
7297081706006269186
7298148942594706690
7298738830268550402
7298377382329617666
7295944748144004354
7307276347343162625
7307274383385431297
7307269366393883905
7307267201814301954
7307265346002570498
7307263227711507713
7307027879320145153
7307026544587721985
7307024160021122305
7306409060415311105
7305825431675030786
7305754879165861122
7305390470417468673
7305329404836580610
7304618378684108034
7304242696208600321
7303925526027128065
7303761653139639553
7303759054080396546
7303256204652973313
7303233686953102593
7303181179585449217
7303179070873931010
7303177461792034050
7303080918330199298
7302718483433868545
7302690304233164033
7302322270096182530
7302303480079781122
7302068329211120897
7301915809293552897
7301892480457313537
7301642961492659458
7301247385949293825
7295944748144004354
7307276347343162625
7307274383385431297
7295944748144004354
7307276347343162625
7307274383385431297
7295944748144004354
7307276347343162625
7307274383385431297
7295944748144004354
7307843245025807617
7307276347343162625
7295944748144004354
7307843245025807617
7307276347343162625
7295944748144004354
7307843245025807617
7307276347343162625
7295944748144004354
7307984909723766018
7307843245025807617
7295944748144004354
7307984909723766018
7307843245025807617
7295944748144004354
7307984909723766018
7307843245025807617
7295944748144004354
7307984909723766018
7307843245025807617
7295944748144004354
7307984909723766018
7307843245025807617
7295944748144004354
7307984909723766018
7307843245025807617
7295944748144004354
7307984909723766018
7307843245025807617
7295944748144004354
7308366803690933505
7307984909723766018
7295944748144004354
7308366803690933505
7307984909723766018
7295944748144004354
7308366803690933505
7307984909723766018
7295944748144004354
7308678657348750593
7308366803690933505
7295944748144004354
7308787034271845634
7308785346228079873
7308781765458431234
7295944748144004354
7308787034271845634
7308785346228079873
7308781765458431234
7308781765458431234
7301244359008193794
7301218905391926530
7300992797056732417
7300682574572047617
7300681071585168641
7300652933341793537
7300106220881317121
7299916808771865857
7309043627001416962
7310630177338379521
7310627376155610369
7311938490999049473
7311911186403003649
7311711027488476418
7314631221030472962
7314114333515025665
7313837682105273601
7313768893141568770
7313433085704490241
7313431495136349441
7312845522807590146
7312275608833101057