7296991802408668434
7296991362220641544
7296927736306748680
7296777566747200775
7296775355526892808
7296774671838530834
7296773919925652743
7296773011276041480
7296765323531865362
7296625100651056392
7296624705350454535
7296624324289498375
7296623200597855495
7296621731580529938
7296620822297349394
7296620287993318664
7296619363719712018
7296619150665895176
7296617868857314568
7296617236117081351
7296420641899547912
7296409710150962439
7296408882241441031
7296400161222184200
7296033544848149778
7296033083483032850
7296031769139154194
7296030866701159688
7296030199085272338
7296023772581203218
7296023409987816711
7295554357884488967
7295554042023906568
7295553579979410706
7295553219210562823
7295552997499735303
7295552723150245138
7295552290373635346
7295552208798633224
7295551839691476242
7295551634514464008
7295550593525976327
7295550360632970504
7295549835934059794
7295549344978062599
7295549132192763154
7295548865632013576
7295548328954137874
7295547907371961618
7295197678894451986
7295197553002368264
7295197495959768328
7295197306423364871
7294827356177353992
7294826887853985031
7294826077485092103
7294824586095496466
7294823590992694546
7294819531485187336
7294818794571189511
7294780701843410184
7294780067656387858
7294779986341268743
7294763742678502663
7294763013234642184
7294431084480122119
7294426754683276551
7294425918058024200
7294424934363761927
7294422772627885330
7294422232120429832
7294421783191604487
7294418819945073927
7294417474739571986
7294417217289080072
7294416180134038791
7294414867857935634
7294414686391471368
7294413731327380744
7294411991962111250
7294055249269017863
7294055033115561224
7294054725249420552
7294054282444246290
7294054001069346066
7294053495072754951
7294043843303968008
7294043257355439367
7294043234018299154
7294042736502574354
7294039794185751816
7294038119723126024
7294037636719611144
7294036804104244487
7293921956313779464
7293921547222404359
7293921177439964424
7293920745086815495
7293920458091662610
7293919864148856071
7293919476741967112
7293919142455889170
7296927138236599560
7296925373579726088
7293918413171264776
7293917575942098194
7297764736857312519
7297764226737655048
7299264215934651666
7299263885834521874
7299263885834521874
7299264215934651666
7299263885834521874
7299264215934651666
7299263885834521874
7299264215934651666
7299263885834521874
7299264215934651666
7299263885834521874
7299264215934651666
7299263885834521874
7299263885834521874
7299264215934651666
7299263885834521874
7299264215934651666
7299263885834521874
7299264215934651666
7299263885834521874
7299264215934651666
7299263885834521874
7299264215934651666
7299263885834521874
7299263885834521874
7299264215934651666
7299263885834521874
7299264215934651666
7299263885834521874
7299264215934651666
7299263885834521874
7299264215934651666
7299263885834521874
7299264215934651666
7299263885834521874
7299263885834521874
7299264215934651666
7299263885834521874
7299264215934651666
7299263885834521874
7299264215934651666
7299263885834521874
7299264215934651666
7299263885834521874
7299264215934651666
7299263885834521874
7299263885834521874
7299264215934651666
7299263885834521874
7299264215934651666
7299263885834521874
7299264215934651666
7299263885834521874
7299264215934651666
7299263885834521874
7299264215934651666
7299263885834521874
7299263885834521874
7299264215934651666
7299263885834521874
7299264215934651666
7299263885834521874
7299264215934651666
7299263885834521874
7299263885834521874
7299264215934651666
7299263885834521874
7299264215934651666
7299263885834521874
7299264215934651666
7299263885834521874
7299263885834521874
7299264215934651666
7299263885834521874
7299264215934651666
7299263885834521874
7299263885834521874
7299264215934651666
7299263885834521874
7299264215934651666
7299263885834521874
7299264215934651666
7299263885834521874
7299263885834521874
7299264215934651666
7299263885834521874
7299264215934651666
7299263885834521874
7299264215934651666
7299263885834521874
7299263885834521874
7299264215934651666
7299263885834521874
7299264215934651666
7299263885834521874
7299263885834521874
7299264215934651666
7299263885834521874
7299264215934651666
7299263885834521874
7299264215934651666
7299263885834521874
7299263885834521874
7299264215934651666
7299263885834521874
7299264215934651666
7299263885834521874
7299263885834521874
7299264215934651666
7299263885834521874
7299264215934651666
7299263885834521874
7299264215934651666
7299263885834521874
7299263885834521874
7299264215934651666
7299263885834521874
7299264215934651666
7299263885834521874
7299264215934651666
7299263885834521874
7299263885834521874
7299264215934651666