7303172067233369345
7301263431074598146
7277018773972962561
7309653804780178689
7309379521675840770
7307184155647872258
7306456349259353345
7306116454267636993
7305978467990916354
7305595059175542018
7305590010063916289
7305249503878122753
7305214540810095874
7304599408866233601
7304526823726107906
7304298715181763842
7304195223062629634
7303942936763305218
7303784379719994625
7302787079585402113
7302421579097443585
7302380222157016322
7302380222157016322
7302342987382672642
7302225657080057090
7301650314753608962
7301533699139587330
7301494740934069505
7301254007480159490
7300800405095632129
7300788465845783810
7299823837011561729
7299720373690682625
7299709956016573697
7298884484789832961
7298551701592673538
7309829036010687746
7298343117659376898
7298203662483066113
7298145540347350274
7297622610265869569
7296802598974147841
7296797870546488577
7296765454977158402
7296659150564625666
7296314793906949381
7296296492669668610
7296284372628491521
7295988107902586114
7295981062323326209
7295918853308075266
7295894824081952001
7295667887921024257
7295579210326772993
7295538602925247745
7295169861465033986
7294932426634054914
7294868418182860034
7294574984394050817
7294488935193939202
7294419751428689153
7294116245786381569
7293889782688582913
7293876179642092802
7293684063364238593
7293671310377471233
7293504391661817089
7293386219189210369
7293363703930572034
7293166141587868930
7293103260133559553
7292963143045745922
7292950608376499457
7292669634908605698
7292630230169111810
7292572337847749889
7292389569352273153
7292192571906903297
7291978123946593538
7291937040097086721
7291932127191452930
7291140720105164034
7290854424681991425
7290848969335393538
7290492891896614146
7290423586211351810
7290385176675273985
7290071575498411265
7290053600460541185
7289809882298043650
7289689302609513729
7289684043359063297
7289434597811637506
7289357792211766530
7288902915324939522
7288662482728520962
7288658793586511106
7288635125791870209
7288586426684427521
7288172751955807489
7288171784967392514
7288131753342930178
7288112941889555714
7287904415007182082
7287877436354645249
7287459224727096577
7287128011797695745
7309379521675840770
7301263431074598146
7287103358899326210
7295169861465033986
7310224133676109058
7311171180952636673
7311296077309676802
7311293960985578753
7311469067817241857
7311503379572837634
7309379521675840770
7295169861465033986
7312046689269943553
7312044342737112321
7311717098923756802