7240336631616671003
7232478154479193349
7230672105661058310
7293375711014948097
7292632759745416450
7290783188291456258
7287430437025156353
7287074216619298049
7283378168143154434
7281523168873925890
7277783473115467009
7276659182449806593
7274037132908481793
7273421678040976642
7272250438613863681
7270775455521721605
7267032024576167186
7263692662874656018
7263299706254675207
7259953403382615304
7251233411422211334
7238574017878265093
7237823994295110917
7237326672301772037
7234730714418269446
7232292500654804230
7230997938061790469
7229954320853241094
7229565935244397829
7228468575693049094
7228150384085241093
7227670977415597318
7227477389733907718
7227275693757910278
7226603528243006725
7226362310187666694
7223254434912963846
7220591338129984795
7219974753065504027
7219227937164365082
7218746272247729434
7217288900992159002
7217119702286404891
7216206894833192218
7213339754975317275
7209648770810760474
7208925982093298970
7208847999257136410
7205055410800200966
7203160818140122394
7201326354195959066
7199915612729019675
7197733780377980186
7196886009408179483
7196650446268730651
7195935567551532314
7195758310967037210
7193699572022136090
7193166823733398810
7192953635351874843
7190584061184757019
7187762808648486170
7186122961278029082
7185373717910801691
7183922578719919387
7181471658614607130
7181031705581489435
7179874507035872539
7178863178040823066
7177180860708359451
7176112418903362842
7174433485266898203
7173166381699976474
7171452030739844379
7169490487701785882
7168348770818641178
7167987282534812955
7167737309738077467
7166432811266739483
7165723607664954651
7163865878574959898
7162856185299750171
7162712305208184090
7159377917301050651
7157777144137993498
7155108808405175579
7154219055350566171
7151803499553099035
7151012248868097306
7147954638136823067
7146220224180735258
7144908626057055514
7143290440803011867
7139431515213008155
7137915628828069147
7136756890641468699
7130629050632097051
7130070719521656091
7128019163083263258
7125265090529594651
7122474767222852890
7121252201506393370
7117582860269128987
7116737703244238106
7115676718844628250
7294866039391718658
7295967914484616450
7298572502979087618
7301528797394767106
7240336631616671003
7232478154479193349
7230672105661058310
7307490927961001218
7240336631616671003
7232478154479193349
7230672105661058310
7240336631616671003
7232478154479193349
7230672105661058310
7240336631616671003
7232478154479193349
7230672105661058310
7240336631616671003
7232478154479193349
7230672105661058310
7240336631616671003
7232478154479193349
7230672105661058310
7240336631616671003
7232478154479193349
7230672105661058310
7240336631616671003
7232478154479193349
7230672105661058310
7240336631616671003
7232478154479193349
7230672105661058310
7240336631616671003
7232478154479193349
7230672105661058310
7240336631616671003
7232478154479193349
7230672105661058310
7240336631616671003
7232478154479193349
7230672105661058310
7240336631616671003
7232478154479193349
7230672105661058310
7240336631616671003
7232478154479193349
7230672105661058310
7240336631616671003
7232478154479193349
7230672105661058310
7240336631616671003
7232478154479193349
7230672105661058310
7240336631616671003
7232478154479193349
7230672105661058310
7240336631616671003
7232478154479193349
7230672105661058310
7240336631616671003
7232478154479193349
7230672105661058310
7230672105661058310
7240336631616671003
7232478154479193349
7230672105661058310
7240336631616671003
7232478154479193349
7230672105661058310
7311925055120821506
7311562224873622785