7297059160729013550
7296794259913510190
7296770030182829358
7296750188960681262
7296671101780987182
7296640631227649326
7296451343013956910
7296424136510016814
7296398145590676779
7296350676471532846
7296321763267366187
7296299759160069419
7296112950014790954
7296077006779813162
7296029204238454062
7295966728809352490
7295933084329856299
7295892169464794411
7295758613308755246
7295740878793084203
7295713643507780906
7295555514560204075
7295319319934733611
7295265944203660590
7295225359560215850
7295225370905677099
7295181536662441262
7295141778192076075
7294918751202430254
7294882048601328939
7294827534355598634
7294790098845994283
7294619346809130282
7294581672606174510
7294548827774799147
7291444261797514542
7277385043054513450
7277821014505950506
7297522447937539374
7297477498030361899
7297434098019093802
7297388176195259690
7297218941766602027
7297182018109017387
7297136805684579627
7294496933433920814
7294464142436486443
7294412379604012330
7294257055802608938
7294195979840949546
7294168430318472490
7294129533899312426
7294092197211933994
7294071786973531435
7294037994934144298
7293913729924631854
7293881530022186283
7293839465594981678
7293788659533516078
7293755807081205038
7293715896588176683
7293676780035099947
7293545435388710186
7293489604286483755
7293465264207809835
7293417863547800874
7293397212569111854
7293388093736897838
7293313278149791022
7293056740256484654
7293011782371904814
7292984659049254186
7292947698175593771
7292819903097310510
7292791231191534891
7292601854238870830
7292583862641757483
7292299367044631850
7292226884824321322
7292186796501519662
7291936137210514734
7291843687003376942
7291818819197226283
7291799649034177834
7291662563794947374
7291642364597357870
7291557123589246251
7291523165984034094
7291289099158474030
7291224006861016362
7291157923139538219
7291100742428118318
7291058775417605422
7290930147606252842
7290889017439145258
7290863594395225387
7290826860953505070
7290773125342432558
7290744017552166190
7290676187993787694
7290559447905094955
7290525284317728046
7297751879881100590
7297790134852816174
7297865539232238894
7297921828167732526
7297943407006207274
7297977388024024363
7298157675680910635
7298181790517284139
7298593649649274158
7298288826886196526
7298269175531719982
7298681273785044270
7298648603290062126
7298648603290062126
7298648603290062126
7298648603290062126
7298648603290062126
7298648603290062126
7298648603290062126
7298648603290062126
7298648603290062126
7298648603290062126
7298648603290062126
7299274299590954283
7299239022784679214
7299128622818938158
7299037753432509742
7299014504061439274
7298956205022580011