7277044754301340930
7279746666364751112
7105216262296325377
7283026026173713666
7218821284749151490
7279840659731664129
7283026026173713666
7105317428892159234
7106710613274971394
7131199966005054721
7105317428892159234
7242981544636222721
7105216262296325377
7218821284749151490
7256632650532654354
7197792350733667586
7296869333119028488
7296715411020713234
7296555889304128775
7296471688957463816
7296380827376618770
7296354020007087378
7296162721135922433
7295788734883187970
7295750684358610178
7295399589144726786
7295365962566520065
7295028006672780562
7294956359378930962
7294818301220228354
7294624511159422209
7294472386550828306
7294425341131574529
7294275002537364737
7294239200935677186
7294096088691215618
7293916743540460802
7293697823298686210
7293519040595758337
7293487931866500354
7293182631989103873
7293162305947323649
7293133718330297602
7293050480878537991
7292617837959449864
7292365172490898695
7292282343237192961
7292282190916832519
7291691603368987922
7291558262930033921
7291519972533226753
7291278141459352839
7291261386418670850
7290930820263464194
7290908950256438530
7290886640464104705
7290593177893899527
7290560469486603527
7290401522700143873
7290356146328587521
7290210543326039298
7290131023508147457
7290039014483184897
7290021526588493057
7289834842777210113
7289816705138822402
7289780333606620418
7289757071908605185
7289721201092562178
7289646707418189057
7289478134846475527
7289466783176592641
7289362510224887042
7289349933948357890
7289264073940782338
7289116495605501202
7289095613784820993
7289027162051513602
7288972747252845825
7288966185792638210
7288725549554388225
7288717263660715272
7288592965310631169
7288572336125660417
7288348078929612050
7288334576567553282
7288319309837847810
7288212282058738952
7287989866032385298
7287932323822112008
7287898783524982023
7287889856242535687
7287851625627143442
7287768071400361223
7287590026483895553
7287589307324452097
7287540195920973057
7287235237996678408
7287067686851464450
7287064155343834375
7287022991924333831
7286863748583771393
7286856997792664834
7286681203682364690
7286504022750547208
7286321262186564865
7286279480375545090
7286126555355565313
7285948325071752455
7285925663582768392
7285758423797484802
7285636178626235655
7285362825994833153
7285333001733459218
7285010213239835911
7284985980854095106
7284966226374266114
7284921459359665415
7284857435540425992
7284633614439025922
7284514669513968898
7297242955318938888
7297160827847724296
7297094178503281927
7298209080382868754
7298577681468198162
7298346994135747848
7298273098686532872
7298947543893806354
7298727136569888008
7298648097477954823
7299102544683404551
7299040891916864775
7304641181160328466
7304580371612568840
7304518000953052424
7304264618598272263
7304219206961155335
7304144379067878663
7303934572645862664
7303928596589038855
7303771375695645960
7303497882022284562
7303495634122804487
7303491526594743570
7303477982180510983
7303473710952893714
7303398010774457618
7302284400975170823
7301919878317903122
7301641095002213639
7301637196866407688
7301546813746728210
7301327806040984839
7301321338864684295
7301172984931306770
7300960132056304903
7300888541293317383
7300879146719251719
7299773866904227079
7299767661364268306
7299487790268468498
7299407083391208711
7299321002243149064
7304983712817581320
7304927499333471496
7306002827178970376
7306053873062448391
7306146648600694034
7306376018913201415
7307520160770952456
7307492986902842642
7307195565039832328
7307162716995734802
7307111797583023368
7306828775487016199
7306802142063365394
7306743374491438344
7306473754895355154
7306443003663617298
7307520160770952456
7307492986902842642
7307195565039832328
7307520160770952456
7307492986902842642
7307195565039832328
7307520160770952456
7307492986902842642
7307195565039832328
7307520160770952456
7307492986902842642
7307195565039832328
7307520160770952456
7307492986902842642
7307195565039832328
7307520160770952456
7307492986902842642
7307195565039832328
7307520160770952456
7307492986902842642
7307195565039832328
7307520160770952456
7307492986902842642
7307195565039832328
7307520160770952456
7307492986902842642
7307195565039832328
7307520160770952456
7307492986902842642
7307195565039832328
7307520160770952456
7307492986902842642
7307195565039832328
7307520160770952456
7307492986902842642
7307195565039832328
7307520160770952456
7307492986902842642
7307195565039832328
7307520160770952456
7307492986902842642
7307195565039832328
7307520160770952456
7307492986902842642
7307195565039832328
7307520160770952456
7307492986902842642
7307195565039832328
7307520160770952456
7307492986902842642
7307195565039832328
7308667830885436690
7308601192291126546
7307520160770952456
7308683129525488914
7308667830885436690
7308601192291126546
7308683129525488914
7308667830885436690
7308601192291126546
7308976153044274439
7309007360641469703
7309047124023446792
7309404447300422919
7309413091710618898
7309408433910959367
7309761726789012744
7309711016374357266
7310082033483615496
7310143060917128455
7310168633232182536
7134565962161949954
7310982550313291016
7311196159282826504
7311254476164205842
7311259677654830344
7311276731514555666
7311330774484045064
7279746666364751112
7279746666364751112
7116378309163896066
7105317428892159234
7218821284749151490
7279746666364751112
7105317428892159234
7312018035399773448
7312006434860944648
7311938331871333650
7311900858151734535
7311638793306574088
7311568593538321671
7314907632194587922
7314658663765904658
7314613217941048594
7314535237160045842
7314294397313617159
7314230464678497544
7314163041023610120
7313933779037441298
7313860535555034386
7313790935609953543
7312772476809891080
7312745310034480392
7312682559962500359
7312389633587842311
7312377513404157192
7312311673409342727