7296344497238084906
7296343393523797290
7296179663007747371
7296179360288017706
7295613157039459615
7295612928915508511
7295537495788244255
7295536676284157214
7295158693417471263
7295158587284835615
7295158109864070430
7295158105011178782
7294967254335147294
7294966530415119647
7294965965773737247
7294965470371908894
7294965069933284639
7294793879650372894
7294793873178561823
7294793734426758431
7294793363927108894
7294793315495546142
7294227175908101419
7294227181423693102
7294055375358217514
7294055181514198315
7294055167199137066
7294055161327308078
7294055147083189550
7294055167450697003
7293675662819314987
7293674511243742507
7293674148621077802
7297135514451201326
7297134424393649450
7297133940064750894
7297133345979469102
7297132801239944490
7291630927053131039
7291630927023967518
7293325378859453739
7293325379295595818
7293325373708700970
7293325370856672554
7293089330665508142
7292937594185289003
7292936500876971306
7292936476940094762
7292936476608711978
7292935675609926954
7292748877067734315
7292745155743042862
7292665311566794027
7292588302106905899
7292587133485862190
7292587064158178603
7292586451689065770
7292395122149297451
7292387393372458283
7292371921294003502
7292371515557891374
7292266887650692398
7292266898132176170
7292266890091646250
7292193922670153006
7292193947886325038
7292193217934527786
7292004578554367262
7292004096406605087
7291897006648298782
7291823515030818079
7291823144761822494
7291822613301579038
7291822581831814430
7291822199462169886
7291636897279921439
7291630691987590430
7291453945883462943
7291453802014690591
7291453521751313694
7291155303079398686
7291153259757096223
7291084189628206367
7291083378001022239
7290707617754680619
7290707604299353390
7298305940380519723
7298304457534819630
7298303481880874286
7298302976790154542