7296653493207665952
7296471888212118817
7295897173315570976
7295896749401443617
7295895617564364064
7295894990914440481
7295893740663754017
7295651249075014945
7295647576534158624
7295640629546208544
7295637024856378656
7295632251327384864
7294805147903905057
7294422542268353825
7294422166584577312
7292953755698400544
7292953761369181472
7292953554044620065
7292585123353038113
7292585042570743073
7291647721071594784
7291643407947025697
7281252630523907360
7281239421876325665
7281214899290721569
7281214887169248544
7281212746861907232
7281189472643894561
7281189459121524000
7281140281985076512
7281140038480514336
7281133541117676832
7281133527637216544
7281133516077698336
7281133505411665184
7281133505847807265
7281059811859369248
7281059803852508449
7281059074949532961
7281059048609336608
7281059047330057504
7281058608371092768
7281058299850657056
7280739892211043617
7279985377799179552
7279968447256202528
7279937625258020128
7279934292543671584
7279664408236772640
7279570556205141280
7279568307139743008
7279564305480125728
7279559168422415649
7279254140939816225
7279243228157676833
7279189740748885280
7279181673403600161
7279179634401561889
7279177210655755553
7278906241613565217
7278813805675695393
7278811180980849953
7278519910555340064
7278514773531118880
7297023373840813345
7278510916893723936
7278461262298631457
7278455950095207712
7278450265659903265
7278441487870840096
7278438717843311904
7278231094539898145
7278217435080133921
7278129719810329889
7278127548855258401
7278087854239141152
7278071044697574688
7278068922526567712
7278067636141935905
7277843214831340833
7277789947346570528
7277721772496047392
7277712830915235104
7277706734829948192
7277698205343698208
7277693674819996961
7277442055805144353
7277425228244880673
7277346266223234337
7277337812888735009
7277334238532226336
7277329738442575137
7277325477868588321
7276994159540473121
7276985550395952417
7276979575454813472
7276976150021197088
7276973167774633249
7276967690776939809
7276964800578506017
7276957845923384609
7276956271452982561
7276831992329653537
7297022186328493344
7297401028071132448
7297399838134537505
7297023385534467360
7297022762768485664
7297022426171329825
7297021968702770465
7296826637599968545
7296727930355338529