7290538656790596865
7290378801882647809
7289736882911546626
7289683187175918849
7288994202715835650
7288894629146135809
7288611003296795906
7288528782347046145
7288210977491815681
7290039825204399361
7287823515439369473
7287485308713635073
7290872988537212161
7289994753662291201
7291132824923442434
7289373781938752770
7289363404274420993
7289213071543880962
7289024086758411522
7288164689488497921
7287887591033031938
7287452718430571777
7287086064576285954
7287036177058663681
7286783919788264705
7286687800362110209
7286339348142902530
7286285180598291714
7286027612814707970
7285680293812407554
7285652437308804354
7285336085050232065
7285326987432856834
7285138341555703041
7283366601531870466
7282946065517776130
7282674793810251009
7281568801504775426
7281540538359188738
7281065229876792578
7280760936049184002
7280741201370811649
7280401975022259457
7280334284957814018
7280115139909733634
7279650977358056705
7279416772057435394
7279292912389606658
7279277270773026049
7279033454287768834
7278977475881864450
7278946705276407042
7278517436125580546
7278310152539884801
7278200603992476930
7277797694133816577
7277783193653087490
7277489483757489409
7276343371038313730
7276014304170757377
7275184847339932930
7274822561760955650
7273005863135235329
7272306470610308354
7271938480635235590
7271524783487995141
7271058466184154373
7270842822348082437
7270352718848380166
7270091773769207045
7269933188259253509
7269663821206195461
7269361834833087749
7269361420859411718
7269008739951217926
7268200789934492934
7267728853529939205
7266683267577957650
7266614483026480402
7266242292619463944
7266023535619968274
7265827715792588050
7265589786386255122
7264876515198766343
7291522197955382530
7264482051045297426
7263695345131998482
7263337051976682760
7261202714955107602
7260422674948656402
7260422091667705095
7258490024679771398
7256001178801081606
7255665490218044677
7252578095385840901
7241482438252186886
7239605529562156293
7239185413678566661
7238855018311437573
7238816822366145797
7238602858201976069
7238430035995135237
7292274114826423553
7291985311226236162
7293305221374053634
7293088690836950274
7293790778436947201
7294419876666526977
7294102224731475202
7278651211606166785
7295585561035689218
7295226829441371394
7294989295977237761
7294888956703821057
7294874790576278785
7295695933994519809
7296359608271080705
7296114221241175297
7296646206514531586
7297164913032629506
7297930395230670081
7298133380447636737
7298253280063261953
7298253280063261953
7299013453635718401
7304585039365377281
7304508426384592129
7303876023471344898
7303735361648250114
7303149752479157505
7303122847638048001
7302659833923194114
7302366638253346050
7302334218619718914
7302205797050682625
7302052639947197698
7301842040462052609
7301644233507704066
7301599060304121089
7301305269596753154
7304947789690162433
7305329555873516802
7307564388544761089
7306766486440332546
7306394886041767170
7307564388544761089
7306766486440332546
7306394886041767170
7307564388544761089
7306766486440332546
7306394886041767170
7307564388544761089
7306766486440332546
7306394886041767170
7307834519720103170
7307564388544761089
7306766486440332546
7307834519720103170
7307564388544761089
7306766486440332546
7307834519720103170
7307564388544761089
7306766486440332546
7307834519720103170
7307564388544761089
7306766486440332546
7308026117460348162
7307834519720103170
7307564388544761089
7308026117460348162
7307834519720103170
7307564388544761089
7308026117460348162
7307834519720103170
7307564388544761089
7308226969005542657
7308220971255647490
7308026117460348162
7308226969005542657
7308220971255647490
7308026117460348162
7308226969005542657
7308220971255647490
7308026117460348162
7308226969005542657
7308220971255647490
7308026117460348162
7308226969005542657
7308220971255647490
7308026117460348162
7308226969005542657
7308220971255647490
7308026117460348162
7308516143226948866
7308226969005542657
7308220971255647490
7308604666789514497
7308516143226948866
7308226969005542657
7308604666789514497
7308516143226948866
7308226969005542657
7308604666789514497
7308516143226948866
7308226969005542657
7308953431165717761
7301256146021666049
7301152175353335042
7300940818511072514
7300655183262960898
7300444378068258049
7300400095411981570
7299624218315066625
7299284351370415361
7309023809569443074
7309003322529271042
7309272904909442305
7309742413776424194
7309738683622624513
7310062906593447169
7310428609032850690
7311146872410868993
7310773619087412481
7311210921379073282
7224465045839711494
7311491927910731009
7224465045839711494
7224465045839711494
7224465045839711494
7311945863910149378
7311877947965607170
7311686844595391746
7311633226903145730
7314833849278532865
7314692695413280001
7314649850828557570
7314150870902377729
7313779676860681473
7313537340264205569
7313175456474336513
7313134594931379457
7313099572081954049
7313026995045158146
7312693465328913666
7312606730519629058
7312353091272084737
7312277687916154114