7195865408262409499
7282054773191265538
7253436619796139270
7223674494127295750
7265559835817594120
7208871524957195546
7246742396245986566
7209246668406017307
7205525486015909125
7297086171996261650
7296784349742075144
7296774347149102354
7296705149215460626
7296553802683960584
7296428075313630471
7296377078155316488
7296352273305799954
7296156273572236545
7296145710368443649
7296138420613680385
7296109869562629377
7296084458514566401
7296066927477230850
7296010466617347329
7295988014533086465
7295971354304728321
7295928680453344514
7295774017963822337
7295753431375940865
7295747707833158913
7295731886767312129
7295618970407718162
7295402196223610113
7295384870199495937
7295364288129125633
7295026103679241490
7294958657148570898
7294875951987510535
7294565319803292929
7294276553041530113
7294155725171936513
7294119708561853697
7293915063595879682
7293818184182877441
7297558105628380434
7297231832909729025
7297158967116008712
7293735781863066882
7293496231521766658
7293404843027303682
7293172860195982594
7293109786034310401
7293034526060580097
7292978854401035521
7292625229577211144
7292453869085314305
7292395809209879809
7292366627557936402
7292324811538238721
7292309213198519560
7292069964326997250
7292017865337654530
7291935618689502466
7291693812760513799
7291582157607243010
7291282936249240840
7291195333902699777
7291168671249075458
7291152025629297922
7290924073767554305
7290853125827726594
7290569031134792968
7290563585330236690
7290524371381275905
7290462176664423681
7290128919683026178
7290059803190201601
7290026155917315330
7289827480972676353
7289823177134443777
7289807491364408578
7289759765192822018
7289476605880159506
7289467502877281538
7289415695387888897
7289118433931840786
7289075518303997185
7289048761551031554
7288981485799984385
7288882873174707457
7288714850816101650
7288569261134466305
7288362277927947527
7288345225968307464
7288324786852498689
7288301832638614792
7288272902233836802
7288199717777902849
7288141982818503938
7287967519057399048
7287861797451762945
7287595048881966337
7287585692761312513
7287535663547714818
7287195697747692801
7287128268300422402
7287038599336430850
7286867152315927809
7286858952279592194
7286854220043521282
7286822388203785474
7286696933479959809
7286480592923839746
7286470657737772289
7297639555501411592
7298183717703486738
7298562298833128722
7298379998417800466
7298272223960354056
7298936829674327303
7298724409588665607
7298642125367840007
7299095361526811922
7299011057987734791
7304683862288895240
7304647941438901522
7304559099117669650
7304484624305081607
7304267853748817159
7304203552757484808
7304139524915875080
7303902952853490962
7303806998024375559
7303771741229288712
7303468955413302535
7303399638030224648
7302744987580599570
7302626611566791943
7302444133749116168
7302356421688053000
7302288006419877127
7302067662127910152
7301985084398259464
7301918644676627719
7301708140746165522
7301676372022332680
7301612545675169032
7301539080477707528
7301358312996572423
7301236174264290567
7301187013032676615
7300979945633795335
7300850135972449544
7299846927930150152
7299756849740516616
7299670137550949639
7209246668406017307
7208871524957195546
7205525486015909125
7307553163798744328
7307476736550145298
7307245733416078600
7307174951717539079
7307106105765711122
7306866866549443848
7306803157630258439
7306738143338810631
7306487986999332104
7306438678795046151
7306371406747520263
7306137768340507912
7305998610150247687
7305768721744661767
7305628830209805575
7305369993577827591
7305257477392567560
7305003796629916935
7304922229521812743
7304885485522980104
7209246668406017307
7208871524957195546
7205525486015909125
7307611569020554514
7209246668406017307
7208871524957195546
7205525486015909125
7209246668406017307
7208871524957195546
7205525486015909125
7209246668406017307
7208871524957195546
7205525486015909125
7307830515392924935
7209246668406017307
7208871524957195546
7205525486015909125
7209246668406017307
7208871524957195546
7205525486015909125
7209246668406017307
7208871524957195546
7205525486015909125
7209246668406017307
7208871524957195546
7205525486015909125
7209246668406017307
7208871524957195546
7205525486015909125
7209246668406017307
7208871524957195546
7205525486015909125
7209246668406017307
7208871524957195546
7205525486015909125
7209246668406017307
7208871524957195546
7205525486015909125
7308257977453120786
7209246668406017307
7208871524957195546
7205525486015909125
7308318785675578632
7209246668406017307
7208871524957195546
7205525486015909125
7209246668406017307
7208871524957195546
7205525486015909125
7209246668406017307
7208871524957195546
7205525486015909125
7209246668406017307
7208871524957195546
7205525486015909125
7209246668406017307
7208871524957195546
7205525486015909125
7308658364014218503
7308597345011109127
7209246668406017307
7208871524957195546
7205525486015909125
7308763309803703570
7308719064401136903
7209246668406017307
7208871524957195546
7205525486015909125
7308763309803703570
7308763309803703570
7308955526233066760
7299396288729058568
7299387425317506311
7299321992438680839
7309002426877545746
7309041407283481874
7309336200374947080
7309399682508229896
7309451800422272263
7309470832600911122
7309835078077549832
7309769710931840263
7309705753013587218
7310074013965978887
7310143898217696519
7310213433905974536
7195865408262409499
7310998324570508552
7310916329442184455
7311187707416349970
7311264641626148104
7253436619796139270
7253436619796139270
7312003009662291208
7311929317867392263
7311699331956968722
7311628266450865416
7311564091410189575
7312068903516048658
7314877583454178567
7314660599684812050
7314597638890900743
7314528634771868935
7314290883686370566
7314226126178553096
7314151209051426055
7313785866961341714
7313048272585723143
7313003054704381191
7312672829332360455
7312664862860004615
7312431012154297608
7312378087310724360
7312303694832225544