7258279706838060294
7256423716756770053
7253797452807933190
7221168643608988934
7216670831051640090
7210915436144217371
7210406965464370458
7207523710914350341
7203946832773270790
7194353798628855067
7189056930306936090
7178763858960583963
7178500250179505434
7177380719537294618
7175104674998111515
7174027432725400858
7170596235810786586
7169629901446843675
7169593326784728346
7168074524762688795
7167722772855147803
7166503595347594523
7166499315853053210
7166497114371951899
7165437958944804123
7164667013628022042
7163431822007864602
7163427734775975194
7163427491854552347
7162140377586093339
7162095973999594778
7161766893504728347
7161679248552496410
7161679213248957723
7161401115165084954
7161390061332860187
7161273849751866650
7161272789318552858
7292989785910660354
7292989785910660354
7258279706838060294
7256423716756770053
7292989785910660354
7258279706838060294
7256423716756770053
7292989785910660354
7258279706838060294
7256423716756770053
7292989785910660354
7258279706838060294
7256423716756770053
7292989785910660354
7258279706838060294
7256423716756770053
7292989785910660354
7258279706838060294
7256423716756770053
7292989785910660354
7258279706838060294
7256423716756770053
7292989785910660354
7258279706838060294
7256423716756770053
7292989785910660354
7258279706838060294
7256423716756770053
7292989785910660354
7258279706838060294
7256423716756770053
7292989785910660354
7258279706838060294
7256423716756770053
7292989785910660354
7258279706838060294
7256423716756770053
7292989785910660354
7258279706838060294
7256423716756770053
7292989785910660354
7258279706838060294
7256423716756770053
7292989785910660354
7258279706838060294
7256423716756770053
7292989785910660354
7258279706838060294
7256423716756770053
7292989785910660354
7258279706838060294
7256423716756770053
7292989785910660354
7258279706838060294
7256423716756770053
7292989785910660354
7258279706838060294
7256423716756770053
7292989785910660354
7258279706838060294
7256423716756770053
7292989785910660354
7258279706838060294
7256423716756770053
7313716527201651970