7276987853291162881
7277492572543536385
7291579821224758529
7282247109888216338
7290432414357277954
7277594994049961223
7282286070526430472
7296691930111528194
7296681929540144385
7296408392489323777
7296440151947939073
7296425942971337985
7296414310492900609
7296401268568870145
7296393250368244993
7296398865337568514
7296392720115944705
7296387295282760961
7296358186192227586
7296323012566060290
7296318832610725126
7296054075139902721
7296043309305171202
7296064479970757890
7296039959327182081
7296043778924743937
7296010859803921665
7296009893893475585
7295956094046817538
7295982033325542657
7295982081383943426
7295974660703882497
7295952792437394689
7295965744133688578
7295957737563770114
7295949311882398977
7295700876621040898
7295700454841863426
7295690576865824001
7295677160877051137
7295662149937024257
7295622547545017602
7295614133968309505
7295606926094716162
7295573943451241730
7295575993023073538
7295573149247212802
7295199973501701383
7294971176735083777
7294972008415120642
7294830218047474946
7294673306383305985
7294658752953830657
7294561768507034881
7294564512521342209
7294556672725404930
7294548753762094338
7294520818523065602
7294527915860004098
7294497612856708354
7294520437088734465
7294504903303548161
7294487366171921665
7294471589138042113
7294289208754113794
7294288797217393922
7294288325219798274
7294282437666934024
7294288517692263698
7294283173217750290
7294212739579366658
7294210498461977858
7294202553116429570
7294191983696956673
7294175275527572738
7294178330222349570
7294173968297151745
7294112508212743426
7294111006509272322
7294089571392883969
7294073458173005057
7293837147574963458
7293836791126314241
7293836138480012545
7293821166190415106
7293817013850377474
7293812182607727873
7293802994729012482
7293808831920934145
7293757160444448002
7293781808687156481
7293753547181624578
7293751699473304834
7293747479785377026
7293720633379278081
7293717523764235521
7293565729100680449
7293451826559503617
7293451427123399937
7293437072935816449
7293447941707123970
7293429787815644417
7293435488503926017
7293425842359684353
7293425405858417921
7293393361292004609
7293400373362969858
7293384795613138178
7293377699995733249
7293362792717913346
7293352809452342530
7296782432659868930
7296809485077875970
7296804089051041026
7296770615191686402
7296794404394700034
7296786796837440770
7296707720135200001
7296777047077178626
7296769929003552002
7296701025610632449
7296762636178296066
7296761659278839041
7296698677316439298
7296739507548736769
7295672892203863297
7296900781662407954
7297082835092000002
7297079344449506561
7297096980210158850
7297133953574587649
7297140916840582401
7297140160272125186
7297160364096032001
7297166240424971522
7297168620386340098
7297175990541880577
7297184503322119425
7297206719736794370
7297449724800404738
7297488015163673857
7297610406837898497
7297770580252577042
7297771728569257223
7297894153910865170
7297979425692470546
7298189403086654722
7298187805878979841
7298188604398931201
7298203397830855937
7298563626611248386
7298562310111644929
7298543028715752706
7298539950197230850
7298299644239449346
7298271476522749186
7298253767349210369
7298280244824362242
7298249212033092866
7298261487561329922
7298270740019694849
7298263542577319170
7298244663423585538
7298245294276283649
7298253886605823234
7298243831219162370
7298243530198191361
7298941022464265474
7298924658559126786
7298639758874447106
7298613741514525953
7298647463718604033
7298646287052836098
7298629167157923073
7298613153384975617
7298634572059757826
7298631406387875073
7298619503167032577
7298620640012078338
7298572147763514625
7298639758874447106
7299093156639837458
7299016216213982465
7299015839188143362
7299014597300735233
7299015621193370882
7299025279048060161
7299017532852145410
7299005640897236226
7299019169822002433
7298996802345340161
7299003283673206017
7298991833948916993
7298952432095071489
7298949627666074881
7298949506048052481
7299005640897236226
7299005640897236226
7299005640897236226
7299005640897236226
7114465910873689346