7275328432622488839
7275270209999555858
7269135635565399302
7265813724236238081
7263769688876846338
7262468944273935618
7257462978004405506
7254921064470301953
7254532295971835138
7250813173748468994
7249368214927346946
7248872787002150146
7240423254672903425
7233374818794589442
7227092868135980289
7225253430036614401
7221172547805629697
7218581239266168065
7218068084278709505
7217014050507558145
7213629182415277314
7213357715517754625
7210106820763946241
7209175270719261953
7208464285595421954
7207869484860837122
7207362038991949057
7206327413243006210
7206070906622381314
7203621271651814657
7203261387303423234
7201815832433937665
7200886333659778305
7200742167126527234
7197170686383705345
7073858445954387202
7071989732774857986
7066780924154842370
7063074798225624322
7062324934353112321
7061309212898413826
7060842546108321026
7060595699389418754
7058774439663537409
7058585441561234689
7056873225166359809
7290608460989877512
7302176059573816584
7301975898167725320
7301593139721145608
7302176059573816584
7301975898167725320
7301593139721145608
7302176059573816584
7301975898167725320
7301593139721145608
7302176059573816584
7301975898167725320
7301593139721145608
7307769320426310919
7302176059573816584
7301975898167725320
7307769320426310919
7302176059573816584
7301975898167725320
7307769320426310919
7302176059573816584
7301975898167725320
7307769320426310919
7302176059573816584
7301975898167725320
7307769320426310919
7302176059573816584
7301975898167725320
7307769320426310919
7302176059573816584
7301975898167725320
7307769320426310919
7302176059573816584
7301975898167725320
7307769320426310919
7302176059573816584
7301975898167725320
7307769320426310919
7302176059573816584
7301975898167725320
7307769320426310919
7302176059573816584
7301975898167725320
7307769320426310919
7302176059573816584
7301975898167725320
7307769320426310919
7302176059573816584
7301975898167725320
7307769320426310919
7302176059573816584
7301975898167725320
7307769320426310919
7302176059573816584
7301975898167725320
7307769320426310919
7302176059573816584
7301975898167725320
7307769320426310919
7302176059573816584
7301975898167725320
7307769320426310919
7302176059573816584
7301975898167725320
7263769688876846338
7263769688876846338
7263769688876846338
7263769688876846338