7145719143579290907
7145327070216785179
7145124721347120411
7144679878456003866
7145719143579290907
7145327070216785179
7145124721347120411
7145719143579290907
7145327070216785179
7145124721347120411
7145719143579290907
7145327070216785179
7145124721347120411
7145719143579290907
7145327070216785179
7145124721347120411
7145719143579290907
7145327070216785179
7145124721347120411
7145719143579290907
7145327070216785179
7145124721347120411
7145719143579290907
7145327070216785179
7145124721347120411
7145719143579290907
7145327070216785179
7145124721347120411
7145719143579290907
7145327070216785179
7145124721347120411
7145719143579290907
7145327070216785179
7145124721347120411
7145719143579290907
7145327070216785179
7145124721347120411
7145719143579290907
7145327070216785179
7145124721347120411
7145719143579290907
7145327070216785179
7145124721347120411
7145719143579290907
7145327070216785179
7145124721347120411
7145719143579290907
7145327070216785179
7145124721347120411
7145719143579290907
7145327070216785179
7145124721347120411
7145719143579290907
7145327070216785179
7145124721347120411
7145719143579290907
7145327070216785179
7145124721347120411
7145719143579290907
7145327070216785179
7145124721347120411
7145719143579290907
7145327070216785179
7145124721347120411
7145719143579290907
7145327070216785179
7145124721347120411
7145719143579290907
7145719143579290907
7145327070216785179
7145124721347120411
7144679878456003866
7145719143579290907
7145327070216785179
7145124721347120411
71446798784560038667145719143579290907
7145719143579290907
7145327070216785179
7145719143579290907
7145327070216785179
