7301687171788836097
7301687168945147138
7301687169540787457
7301687173932223745
7301682591801937159
7301667111833701640
7301650789502668040
7301640504637263122
7301623646156508423
7301610113255738642
7301594894634716423
7301579020498390290
7301564198499273991
7301550533221960967
7301533201992895751
7301338606919044353
7301327448862395649
7301331430750080258
7301335093963001089
7301333158056774914
7301324392078888193
7301242192889236738
7301247826674191618
7301248905474264321
7301238789752556802
7301229680617622786
7301209565608054017
7301202817048464642
7301162940806335745
7300976129572113665
7300972636727725313
7300970713622613249
7300880889054055681
7300883101821996289
7300981216004541698
7301900705080642817
7301890614579318017
7301889422297976065
7277584430384958722
6945666380637162754
7295647630204407041
7295605261543247106
7295583558129814785
7295394311171034369
7295400000354389250
7295397387000909058
7295390563879144705
7295388602752617730
7295388017454353666
7295382876802010369
7295297514360605953
7295296229129325826
7295292261435247873
7295259848348880130
7295194021650074881
7295015638223949064
7295015635606719752
7295015641352883463
7295015635841551624
7295007673622252808
7294994161269247239
7280532644402629895
7294973936289271058
7294963641441357063
7294946937512398087
7294931246319242514
7294915616526454024
7294899054864092423
7294883792483896594
7294869339830897927
7294854961505111304
7294662650196135169
7294661819053001986
7294655061928480001
7294657325627952385
7294653494311587073
7294648498480336129
7294636828664122626
7294594418185620737
7294542071476571394
7294546755322973441
7294541355462692098
7294532811082583297
7294484096506531073
7294476737893731585
7294474947588672769
7294243100115864839
7294465832602684674
7294230103872277778
7294230104404708626
7294245657441864962
7294245653117488385
7294230103926590738
7294219785259240712
7294203296510676231
7294185572283731207
7294174927043742983
7294157658607734023
7294127318103018759
7294111049588952328
7293911185756409089
7293913148141178113
7293908749717130498
7293902530310966529
7293900334022380802
7293896408334126337
7293892305508060418
7293817906217913602
7293836959301094657
7293788349003762946
7293784315270319361
7293780999354223873
7293775618431356161
7293741274367102209
7293737585699081474
7293510451323800833
7293686781365505281
7293685867414031618
7295764674656619778
7295761788107296002
7295761325907545345
7295758358395538690
7295753306847120642
7295748792492592386
7295665749270613249
7295670701149768961
7295672699706166530
7295667280766127361
7293684431724776706
7293519180068900097
7295663470576504065
7293684431724776706
7293519180068900097
7293402595522022657
7293507040348032258
7293402595522022657
7293507040348032258
7293459006503292161
7293450505601256706
7293439592143916289
7293459006503292161
7293450505601256706
7293439592143916289
7293430942973136129
7293417754604899586
7293353944401710338
7293360321006210306
7293156276748635393
7293154647576022273
7293430942973136129
7293417754604899586
7293353944401710338
7293360321006210306
7293156276748635393
7293154647576022273
7293153246674275585
7293150161013001474
7293151589198515458
7293074861851774209
7293077810116119810
7293089108237307138
7293079291405896961
7293033620816547073
7292988077037964545
7292805418407988481
7293005568984304898
7296386076820720898
7296374577234447618
7296348606355803393
7296145825284115714
7296134889236188418
7296159793113337090
7296130227124702465
7296124727125347586
7296042103157558530
7296038247862504706
7296034640693906689
7296018915245739265
7296020400478211329
7296015922530143489
7296010727964314881
7295953646775209218
7295952453197958401
7267485049577049362
7297165824983354626
7297148721790307586
7297180187089767682
7297166431844715777
7297143503954382082
7297113373865413889
7297112166954454273
7296840882945379586
7296840885981973762
7296840892000767233
7296840889597431041
7296849164518919432
7296836633481989394
7296817892543319304
7296801909246119176
7296786010761973010
7296772333073616136
7296752850653187336
7296737265328475399
7296734716185660679
7296717850272746770
7296695621761682696
7296495837843115265
7296500434154376450
7296494470797856001
7296491469215370497
7296504523550493953
7296489340295843074
7296414013653585154
7296454870205205761
7296450991677836546
7296411263121362177
7296410456527228162
7296409901864160513
7296391469974260994
7297606533511220498
7297590561127632146
7297571997918219527
7297559921325919496
7297546638149684498
7297535530353708296
7297512440848305416
7297495615242505479
7297483231824317704
7297467037293595922
7297403978034220290
7297401397908098305
7297395353500830978
7297391439556660482
7297384841652210945
7297256918509210882
7297256481282477314
7297253676224236801
7297181504554290433
7297626108097301761
7297626103408053506
7297785846126611713
7297626102904720642
7297626104532110594
7297772967981763841
7297626109368093954
7297857730977565954
7297886807839051010
7297885840443985153
7297888399241809154
7297888064108612866
7297973538210794754
7297985522536811777
7297994607802010881
7297990078226369794
7297984548875341058
7297980037796564226
7297997710777470210
7298230240713739521
7298195400614366466
7298194435664366849
7298381260458560769
7298375909994679554
7298372689255877889
7298380612606414081
7298595241832090881
7298551984817229058
7298916027117620482
7298762424742579457
7298939668505349378
7298913916174880002
7298760402165452033
7298758108233354497
7298738426734562561
7298644734405397762
7298636421055663362
7298638951663799554
7298643106184940801
7298633823095393537
7298624288775572737
7298738426734562561
7304503797118799106
7304498605459508481
7304293807309245697
7304293804658543874
7304293806118161665
7304293807804189954
7304288822379007250
7304280003011726610
7304269689016864018
7304253009330965768
7304243597405097224
7304210253288066312
7304193606959648007
7304176663577758984
7304162537015151879
7304146533518167303
7304128301453413650
7303923948079615233
7303928066370309377
7303935160968350977
7303916898138279169
7304566122517400833
7304561003931454722
7304512635842710786
7304507177883012353
7304514014342630657
7303930906710969601
7303923365016800514
7303918930416946434
7303855763133320449
7303854035977784578
7303850857458584833
7303851962842369282
7303843765280574721
7303834436938829057
7303823067506167042
7303758694636915969
7303747506070883586
7303565879759883521
7303562344485981442
7303558175423253761
7303542942109535489
7303514501511466242
7303468943270890754
7303467280879422721
7303462887320767745
7303457845331234050
7303453127397674241
7303448972541070594
7303447099679591681
7303445391423409409
7303394188039687425
7303198582167964930
7303192008875658498
7303193705744289025
7303182308847176961
7303196337565207809
7303188676962553089
7303188676962553089
7303178246865145090
7303070831054179586
7303108214231469314
7303096873743633666
7303091358187785473
7303067002527108353
7303064242507222274
7303033714072767745
7302798304629247250
7302798301701704968
7302798298128207122
7302798304293752082
7302798300233714962
7302793114106727687
7302786943052483848
7302770110253550866
7302754534391172370
7302741093781687570
7302723769880120583
7302707758661520658
7302694170668322066
7302674243660156168
7302662098444668168
7302645793356369159
7302466630183881985
7302414245776362753
7302418768075017473
7302416107024026882
7302459561905016066
7302415534832897282
7302411682427489538
7302387606912912641
7302341011739626754
7302356274115562753
7302353648821046530
7302345502576741633
7302336937858206978
7302285465770577154
7302277812365413633
7302086588203273473
7302084654176144642
7302082508428938497
7302072425817083137
7302088982718975233
7302075379483774210
7302066754514095361
7301982557401337089
7304663876036005122
7304658698650144002
7304668618183167234
7304655340405017857
7304572181718093058
7304590121297267970
7304580795992149249
7304592917803339009
7305278084465380616
7305260106394995975
7305041118549331201
7305030088691698945
7305038801552805122
7305039867241565442
7305035279734213890
7305042757343530241
7305006212779707650
7305000021378731265
7304992677802577154
7304983312777497857
7304971981777161474
7304961902663273729
7304939181321555202
7304920181929856257
7304891100102249729
7304666907012123906
7304670326313454850
7305291498310962450
7305306476086676744
7305322995558403346
7305341775948958994
7305355364222962951
7305369732381674759
7305384492846402824
7305396037517135112
7305420785500359943
7305420781180210450
7305420784892136722
7305422746945637640
7305420783776435474
7305964419110980866
7305766028796071169
7305769340849097985
7305773225366097153
7305776047491009794
7305756894935649538
7305717041187540226
7305703204698819842
7305692384053054722
7305667303062899970
7305668864082251010
7305664206777404673
7305662288923544833
7305653166975061250
7306004318035987714
7305967243916020993
7307520771784461570
7307478087871106306
7307468761404067074
7307475153129180418
7307462304780586242
7307255391472160001
7307253429938769154
7307259182460259585
7307251682763771138
7307249061021633793
7307169666978319617
7307160155647397121
7307156836724018433
7307150610204314881
7307140540863122689
7307088456528694529
7307087541914684674
7306887267073723656
7306887265672908050
7306887267195358471
7306887264804621575
7306908466126294290
7306867919504346386
7306856807211879688
7306830177290456327
7306813388154359058
7306793985014648066
7306790440936705287
7306775673912233234
7306760768253398280
7306746543170686215
7306716992059280642
7306695822844939522
7306699417405361409
7306697320349830418
7307539691316759809
7307556105410956545
7307525774796459265
7307627871261035778
7307536067450768642
7307541795456568578
7307640647761071361
7307627871261035778
7307536067450768642
7307642851683339522
7307640647761071361
7307627871261035778
7307642851683339522
7307640647761071361
7307627871261035778
7307642851683339522
7307640647761071361
7307627871261035778
7307645512272907522
7307644633008459010
7307642851683339522
7307632490863234305
7307646680059464962
7307645512272907522
7307842642904108296
7307632490863234305
7307646680059464962
7307883064972020999
7307868026261490945
7307632490863234305
7307896623357594898
7307883064972020999
7307868026261490945
7307927293391916295
7307911624629701906
7307896623357594898
7307944610209352967
7307927293391916295
7307911624629701906
7307991345715563794
7307975632296709394
7307960317592571154
7308004540278672658
7307998969127374088
7307991345715563794
7308004540278672658
7307998969127374088
7307991345715563794
7308004540278672658
7307998969127374088
7307991345715563794
7308004540278672658
7307998969127374088
7307991345715563794
7308004540278672658
7307998969127374088
7307991345715563794
7308014489675304210
7308004540278672658
7307998969127374088
7308014492502215944
7308014489675304210
7308004540278672658
7308014486982626578
7308014488609983752
7308014492502215944
7308014486982626578
7308014488609983752
7308014492502215944
7308252238135233793
7308229301025950978
7308226192354577666
7308269508727262465
7308252238135233793
7308229301025950978
7308305734419188993
7308292149882227970
7308269508727262465
7308316326802607361
7308305734419188993
7308292149882227970
7308316326802607361
7308305734419188993
7308292149882227970
7308316326802607361
7308305734419188993
7308292149882227970
7308383315638226178
7308316326802607361
7308305734419188993
7308383315638226178
7308316326802607361
7308305734419188993
7308383315638226178
7308316326802607361
7308305734419188993
7308383315638226178
7308316326802607361
7308305734419188993
7308386626269351169
7308380006831492353
7308383315638226178
7308386626269351169
7308380006831492353
7308383315638226178
7308656059957120257
7308648486768053506
7308625494872820993
7308571303852772609
7308570037156203777
7308562393783618818
7308671006548299009
7308656059957120257
7308648486768053506
7308736470582430977
7308729330270604545
7308693779937053954
7308736470582430977
7308729330270604545
7308693779937053954
7308736470582430977
7308729330270604545
7308693779937053954
7308739438501235969
7308736470582430977
7308729330270604545
7308736470582430977
7308929348881370369
7308928698592333057
7308924670676438273
7308922906170428673
7306532199535250690
7306529344602606849
7306527205964795138
7306430431908465921
7306420995479440642
7306420688657829121
7306417869573655809
7306416678579997954
7306409081609161986
7306405844608994561
7306391927530720513
7306363830827748610
7306325388974624002
7306323739946257666
7306320446503374081
7306317894604967169
7306140012507106562
7306095282410884354
7306096623149452545
7308951644786543873
7309027219031035138
7309007406997064961
7309032559982152961
7309044490382118146
7309038263958801665
7309042456824220929
7309083639340371202
7309101540873080065
7309136223660952834
7309134173975874818
7309137774643252481
7309134701300632834
7309339444983729426
7309357440531844359
7309373448235617554
7309389399186345223
7309403895036497170
7309419840874302728
7309434643311267079
7309451915245522183
7309475034861505810
7309488194217725191
7309865360604351745
7309790023656754434
7309791258120146178
7309782732794629377
7309782479764753665
7309775810477542657
7309686825449229569
7309683495066963202
7309681096248036609
7309477934463520001
7309481165004508417
7309477938473209089
7309477941707033858
7309861990975950081
7309866491917126913
7309871067303005442
7309864323378105602
7310061757022719234
7310084259228749057
7310158563765243138
7310152710882348289
7310168029407546625
7310172403986861313
7310191465131494658
7310192326289263874
7310225837654150401
7310236222880845058
7310234423998319874
7310243190760590593
7310241193827372290
7310251374040648962
7310423398780308744
7310438872419290376
7310455879483149586
7310472482446757127
7310488767016570119
7310506961664052498
7310517900668931336
7310560755600854280
7310577592875126024
7310567418277989650
7310586862161104146
7311155882925067522
7310993213869919489
7310990500834577666
7310987177117240577
7310981054565829889
7310894887048629505
7310887265302056193
7310884322880294146
7310880877259541762
7310878433922321666
7310844371950226689
7310638104816209159
7310638102580579591
7310638103801154823
7310638099795692807
7310597195219078408
7311161476063022338
7311159867933314306
7311233612676910338
7311237810344709377
7311240249072553217
7311242524818017538
7311259624873790722
7311343638913518849
7311347414139522305
7311345994057157889
7311350190089260289
7311353495553101057
7311721517505629441
7311721517505629441
7311721517505629441
7311995045568122114
7311995026391747858
7311959961922309383
7312012831208033543
7311942048825888007
7311925777589636359
7311868918493105410
7311867802627968258
7311864747899489537
7311725233906486530
7311703842863729921
7311634656540085506
7311601210006539521
7311616785898360066
7311613292634541313
7311590423691037953
7311587819917495553
7311542980878339330
7311541373688188162
7311357491684609281
7312048520737901832
7312031437056773384
7312068132502310162
7312060762527304968
7312085571533294866
7312094970758827272
7313932105568865537
7313531756789992712
7313192472820141314
7314951081723825409
7314944317141863681
7314930271567056129
7314861414538071297
7314859564317281538
7314857163078372609
7314850687475617026
7314855407229472001
7314854964784909569
7314851120709422338
7314631124075007234
7314619348918816001
7314611884727045377
7314611387257441537
7314600557832850690
7314528604778401026
7314521357209849089
7314520356142796033
7314480566345190658
7314334151514098945
7314329937861790977
7314295072235867393
7314185726109699329
7314188439224716545
7314226881811827969
7314229714317675777
7314213985937657090
7314186258023075073
7314182198955904257
7314158880584420610
7313968445463252226
7313966962583932161
7313889130641935618
7313873126541020417
7313861539960786177
7313831020925684994
7313828943365229825
7313558547478875394
7313558551551560962
7313558556844756226
7313558549357972738
7313573983037754632
7313561404097809672
7313547622826986760
7313518899956337938
7313503036050050311
7313484653585763592
7313461146290244871
7313447150669647122
7313423650965703944
7313408534006320392
7313196780307483905
7313194686766714113
7313185575794773250
7313197818150178049
7313109416969030913
7313087588137569538
7313098557584657666
7313102686763633921
7313105081644109057
7313099553870335233
7313092667628358914
7313084203602676993
7313053485581307138
7312853392894758146
7312863183641906434
7312835794211818754
7312809490150182145
7312828262969822466
7312743926450965761
7312759666138680578
7312752465487744258
7312731801833770242
7312638444407147777
7312706151739706625
7312645852550417665
7312632367003258113
7312480804486040834
7312478775546105090
7312476361262763266
7312473009686580481
7312464802473938177
7312372981508984065
7312367238114184449
7312363566928039169
7312362176864341249
7312359423329012993
7312356032657771778
7312309289337638152
7312303136746540289
7312068952794959111
7312068952794942727
7312068947703123208
73120689509746475597317276464922053889
7317280189682027777
7316516368059288834
7320271201203440897
7320266620071382273
7320273666099432705
7320246551912123650
7320153868694818049
7320150851782200578
7320141796711910657
7320142031420968193
7320128538147835137
7320105580486511874
7319904934416108808
7319905904466382087
7319899067092405522
7319898615550332178
7319872979679104274
7319790395745979655
7319788024479583495
7319802237155380498
7319778685882567943
7319774995155029266
7319772688757640456
7319769170181131527
7319720420897328391
7319717070646545672
7319659270536957192
7319655782964841746
7319652900513352968
7319652201083768071
7319515237982473479
7319483225468947720
7319424546354892034
7319408766640737538
7319405284202401026
7319393478721441026
7319343701044628737
7319335542691335425
7319331130728107266
7319164543601544466
7319158564906470663
7319163346090020104
7319160128501009672
7319133681958800658
7319135601381461256
7319119358112828679
7319112777145027848
7319064054771879176
7319048931420163336
7319042343061949714
7318975704878632200
7318773178078088455
7318767161223154952
7318763641640209671
7318653744000847112
7318654653539945735
7318651848003505415
7318646844119059719
7318392633708055810
7318392617920761089
7318392626829430017
7318392615995559169
7318392617832631553
7318381354897378568
7318361756869397767
7318348103814352146
7318329033572257042
7320531894221671681
7320509531396656385
7320506374595579137
7320492146111302913
7320278095561346305
7320275634960354562
7319441111724903681
7319437044239912193
7319417932314873089
7318310322148773138
7318297350521310471
7318277386393357576
7318260047086243090
7318245971073223943
