7161690093504220417
7161690093504220417
7297535636515327240
7297449968019819778
7297206083494481170
7297205165914918152
7296835209369046290
7296829013522238738
7296794483385961746
7296772051724029186
7296711319200222482
7296699400745651463
7296508026595380498
7296467920396291336
7296466337130351880
7296340049929506055
7296331580178500866
7296316013849644306
7296086309041442055
7296085023025794322
7296023487003626770
7295989438109240578
7295960574322691335
7295754540421287175
7295716285675998472
7295714614732459271
7295711715428240647
7295584415311301896
7295562949060594946
7295400500625755400
7295035894048836872
7295033345795181832
7295029465992776968
7295027869019802888
7294846784197692679
7294840577592397074
7294575519436262664
7294561264108309768
7294537337801886994
7294479304933657874
7294461625573199106
7294231110685297928
7294188741923507457
7294179950570114322
7294156648686308626
7294116567569288455
7294105450134523138
7294080498551278866
7293878049349700872
7293831406046760200
7293831045990878472
7293799206018485511
7293753612847697154
7293743607167667457
7293727953475669256
7293709499146194177
7293495386239487239
7293430680057351425
7293350963916623111
7293344567351315719
7293335060256689409
7293134159533411591
7293131305770831111
7293064255929077000
7293038053436771592
7292996979934678279
7292772204293459208
7292768890633981191
7292434521582996754
7292415555347189000
7292268591607598343
7292266772588137746
7292264629064027399
7292007355531742471
7292005720738794760
7291932299346595079
7291875702083783954
7291855819518364930
7291646483588254984
7291642411527195922
7291598327370485000
7291586760004472065
7291273278289628434
7290932855264349458
7288901435914259713
7288892954457001234
7286372867103526152
7285924251952008456
7282970672903490824
7281894218484796673
7279606316815879426
7275627159471918354
7271594945708952834
7270858562765606145
7270484255740923137
7270355586175225090
7269740364913822982
7268970641221487873
7268307683051080961
7268299288302619906
7266399761404595458
7265171860290063617
7264793176903290119
7297599987427462401
7297592557247220993
7297612670281305346
7297938751198694664
7297939337839119634
7297090261673331975
7296047407098318081
7294864249929649410
7294831293861285128
7298175587938503954
7298551102520167698
7298536847930658050
7298324233854143751
7298312484107209992
7298278267138706696
7298210259510775047
7298278267138706696
7298210259510775047
7298312484107209992
7298278267138706696
7298278267138706696
7298210259510775047
7298278267138706696
7298312484107209992
7298278267138706696
7298210259510775047
7298278267138706696
7298210259510775047
7298312484107209992
7298278267138706696
7298278267138706696
7298210259510775047
7298278267138706696
7298312484107209992
7298210259510775047
7298278267138706696
7298278267138706696
7298312484107209992
7298210259510775047
7298278267138706696
7298278267138706696
7298210259510775047
7298312484107209992
7298278267138706696
7298210259510775047
7298278267138706696
7298278267138706696
7298312484107209992
7298210259510775047
7298278267138706696
7298210259510775047
7298278267138706696
7298312484107209992
7298278267138706696
7298210259510775047
7298278267138706696
7298312484107209992
7298278267138706696
7298210259510775047
7298278267138706696
7298210259510775047
7298278267138706696
7298312484107209992
7298278267138706696
7298210259510775047
7298278267138706696
7298312484107209992
7298210259510775047
7298278267138706696
7298278267138706696
7298210259510775047
7298278267138706696
7298312484107209992
7298278267138706696
7298210259510775047
7298278267138706696
7298312484107209992
7298210259510775047
7298278267138706696
7298278267138706696
7298210259510775047
7298312484107209992
7298278267138706696
7298278267138706696
7298210259510775047
7298278267138706696
7298312484107209992
7298210259510775047
7298278267138706696
7298278267138706696
7298210259510775047
7298312484107209992
7298278267138706696
7298210259510775047
7298278267138706696
7298278267138706696
7298312484107209992
7298210259510775047
7298278267138706696
7298278267138706696
7298210259510775047
7298312484107209992
7298278267138706696
7298210259510775047
7298278267138706696
7298312484107209992
7298278267138706696
7298210259510775047
7298278267138706696
7298210259510775047
7298278267138706696
7298312484107209992
7298278267138706696
7298210259510775047
7298278267138706696
7298312484107209992
7298932923019889922
7298917900784569618
7298682848003837202
7298682132715670792
7298645618875026695
7298645618875026695
7298645618875026695
7298645618875026695
7298645618875026695
7298645618875026695
7298645618875026695
7298645618875026695
7298645618875026695
7298645618875026695
7298645618875026695
7298645618875026695
7298645618875026695
7298645618875026695
7298645618875026695
7298645618875026695
7298645618875026695
7298645618875026695
7298645618875026695
7298645618875026695
7298645618875026695
7298645618875026695
7298645618875026695
7298645618875026695
7298645618875026695
7298645618875026695
7298645618875026695
7298645618875026695
7298645618875026695
7298645618875026695
7298645618875026695
7298645618875026695
7299276563646778631
7299059228994473224
7299054256047295762
7299053172364971271
7298996336702033170
7299054256047295762
7299054256047295762
7299054256047295762
7299054256047295762
7299054256047295762
7299054256047295762
7299054256047295762
7299054256047295762
7299054256047295762
7299054256047295762
7299054256047295762
7299054256047295762
7299054256047295762
7299054256047295762
7299054256047295762
7299054256047295762
7299054256047295762
7299054256047295762
7299054256047295762
7299054256047295762
7299054256047295762
7299054256047295762
7299054256047295762
7299054256047295762
7299054256047295762
7299054256047295762
7299054256047295762
7299054256047295762
7299054256047295762
7299054256047295762
7299054256047295762
7299054256047295762
7299054256047295762
7299054256047295762
7299054256047295762
7299054256047295762
7299054256047295762
7299054256047295762
7299054256047295762
7299054256047295762
7299054256047295762
7299054256047295762
7299054256047295762
7299054256047295762
7299054256047295762
7299054256047295762
7299054256047295762