7266669676778884353
7266669676778884353
7268504722586258694
7266669676778884353
7268504722586258694
7258434334133112069
7259605366369963266
7284091863781494017
7281838148550659330
7258854596678913286
7268504722586258694
7268504722586258694
7258434334133112069
7259605366369963266
7266669676778884353
7298565482683141378
7295627662305807617
7295627662305807617
7295627662305807617
7266669676778884353
7266669676778884353
7295627662305807617
7266669676778884353
7266669676778884353
7295627662305807617
7266669676778884353
7295627662305807617
7266669676778884353