7223723943780289798
7223705551899839749
7223702639333133574
7223699567483555077
7223723943780289798
7223705551899839749
7223702639333133574
7223723943780289798
7223705551899839749
7223702639333133574
7223723943780289798
7223705551899839749
7223702639333133574
7223723943780289798
7223705551899839749
7223702639333133574
7223723943780289798
7223705551899839749
7223702639333133574
7223723943780289798
7223705551899839749
7223702639333133574
7223723943780289798
7223705551899839749
7223702639333133574
7223723943780289798
7223705551899839749
7223702639333133574
7223723943780289798
7223705551899839749
7223702639333133574
7223723943780289798
7223705551899839749
7223702639333133574
7223723943780289798
7223705551899839749
7223702639333133574
7223723943780289798
7223705551899839749
7223702639333133574
7223723943780289798
7223705551899839749
7223702639333133574
7223723943780289798
7223705551899839749
7223702639333133574
7223723943780289798
7223705551899839749
7223702639333133574
7223723943780289798
7223705551899839749
7223702639333133574
7223723943780289798
7223705551899839749
7223702639333133574
7223723943780289798
7223705551899839749
7223702639333133574
7223723943780289798
7223705551899839749
7223702639333133574
7223723943780289798
7223705551899839749
7223702639333133574
7223723943780289798
7223705551899839749
7223702639333133574